[개신동],107459,1,라임스토리(도시형),2012.09.,56.0,9.94,32.86,7.01,23.18,42,,,,,,,,,1,1,복도식,32A,7.0,7.0,https://new.land.naver.com/complexes/107459?tab=detail&rf=Y,충청북도 청주시 서원구 개신동 708,충청북도,청주시,서원구,개신동,,충청북도 청주시 서원구 복대로17번길 23,0.0,340,58,12.0,0.21
[개신동],107459,2,라임스토리(도시형),2012.09.,56.0,10.2,33.74,7.19,23.8,8,,,,,,,,,1,1,복도식,33B,7.0,7.0,https://new.land.naver.com/complexes/107459?tab=detail&rf=Y,충청북도 청주시 서원구 개신동 708,충청북도,청주시,서원구,개신동,,충청북도 청주시 서원구 복대로17번길 23,0.0,340,58,12.0,0.21
[개신동],107459,3,라임스토리(도시형),2012.09.,56.0,10.34,34.19,7.29,24.12,6,,,,,,,,,1,1,복도식,34C,7.0,7.0,https://new.land.naver.com/complexes/107459?tab=detail&rf=Y,충청북도 청주시 서원구 개신동 708,충청북도,청주시,서원구,개신동,,충청북도 청주시 서원구 복대로17번길 23,0.0,340,58,12.0,0.21
[개신동],17209,1,청주개신뜨란채2단지,2000.12.,980.0,20.85,68.95,15.12,49.99,38,,,,,,,,,2,1,복도식,68,23.0,15.0,https://new.land.naver.com/complexes/17209?tab=detail&rf=Y,충청북도 청주시 서원구 개신동 635,충청북도,청주시,서원구,개신동,,충청북도 청주시 서원구 경신로 68,0.0,214,18,992.0,1.01
[개신동],17209,2,청주개신뜨란채2단지,2000.12.,980.0,24.78,81.95,17.97,59.42,942,,,,,,,,,3,1,계단식,81,23.0,15.0,https://new.land.naver.com/complexes/17209?tab=detail&rf=Y,충청북도 청주시 서원구 개신동 635,충청북도,청주시,서원구,개신동,,충청북도 청주시 서원구 경신로 68,0.0,214,18,992.0,1.01
[개신동],7274,1,개신두진백로2차,1993.12.,110.0,27.74,91.71,17.96,59.4,45,,,,,,,,,3,1,계단식,91,10.0,6.0,https://new.land.naver.com/complexes/7274?tab=detail&rf=Y,충청북도 청주시 서원구 개신동 445,충청북도,청주시,서원구,개신동,,충청북도 청주시 서원구 모충로 38,0.0,0,0,120.0,1.09
[개신동],7274,2,개신두진백로2차,1993.12.,110.0,32.36,106.99,20.96,69.3,7,,,,,,,,,3,1,계단식,106,10.0,6.0,https://new.land.naver.com/complexes/7274?tab=detail&rf=Y,충청북도 청주시 서원구 개신동 445,충청북도,청주시,서원구,개신동,,충청북도 청주시 서원구 모충로 38,0.0,0,0,120.0,1.09
[개신동],7274,3,개신두진백로2차,1993.12.,110.0,35.9,118.7,25.69,84.95,58,,,,,,,,,3,2,계단식,118,10.0,6.0,https://new.land.naver.com/complexes/7274?tab=detail&rf=Y,충청북도 청주시 서원구 개신동 445,충청북도,청주시,서원구,개신동,,충청북도 청주시 서원구 모충로 38,0.0,0,0,120.0,1.09
[개신동],115036,1,개신광영,1997.12.,110.0,15.46,51.12,11.69,38.65,110,,,,,,,,,2,1,복도식,51,11.0,9.0,https://new.land.naver.com/complexes/115036?tab=detail&rf=Y,충청북도 청주시 서원구 개신동 1-19,충청북도,청주시,서원구,개신동,,충청북도 청주시 서원구 예체로7번길 33,110.0,201,25,97.0,0.88
[개신동],15431,1,시영(청주),1990.12.,141.0,14.45,47.77,11.65,38.52,141,,,,,,,,,2,1,계단식,47,6.0,4.0,https://new.land.naver.com/complexes/15431?tab=detail&rf=Y,충청북도 청주시 서원구 개신동 506,충청북도,청주시,서원구,개신동,,충청북도 청주시 서원구 신율로 71,0.0,116,55,0.0,0.0
[개신동],116848,1,수펠리스(도시형),2016.06.,60.0,11.35,37.53,8.13,26.88,12,,,,,,,,,1,1,복도식,37,7.0,7.0,https://new.land.naver.com/complexes/116848?tab=detail&rf=Y,충청북도 청주시 서원구 개신동 707,충청북도,청주시,서원구,개신동,,충청북도 청주시 서원구 복대로17번길 11,0.0,446,69,26.0,0.43
[개신동],116848,2,수펠리스(도시형),2016.06.,60.0,11.75,38.86,8.47,28.0,6,,,,,,,,,1,1,복도식,38,7.0,7.0,https://new.land.naver.com/complexes/116848?tab=detail&rf=Y,충청북도 청주시 서원구 개신동 707,충청북도,청주시,서원구,개신동,,충청북도 청주시 서원구 복대로17번길 11,0.0,446,69,26.0,0.43
[개신동],116848,3,수펠리스(도시형),2016.06.,60.0,18.17,60.08,13.28,43.92,6,,,,,,,,,2,1,복도식,60,7.0,7.0,https://new.land.naver.com/complexes/116848?tab=detail&rf=Y,충청북도 청주시 서원구 개신동 707,충청북도,청주시,서원구,개신동,,충청북도 청주시 서원구 복대로17번길 11,0.0,446,69,26.0,0.43
[개신동],116848,4,수펠리스(도시형),2016.06.,60.0,18.62,61.57,13.58,44.91,6,,,,,,,,,2,1,복도식,61A,7.0,7.0,https://new.land.naver.com/complexes/116848?tab=detail&rf=Y,충청북도 청주시 서원구 개신동 707,충청북도,청주시,서원구,개신동,,충청북도 청주시 서원구 복대로17번길 11,0.0,446,69,26.0,0.43
[개신동],116848,5,수펠리스(도시형),2016.06.,60.0,18.8,62.18,13.68,45.24,6,,,,,,,,,2,1,복도식,62B,7.0,7.0,https://new.land.naver.com/complexes/116848?tab=detail&rf=Y,충청북도 청주시 서원구 개신동 707,충청북도,청주시,서원구,개신동,,충청북도 청주시 서원구 복대로17번길 11,0.0,446,69,26.0,0.43
[개신동],116848,6,수펠리스(도시형),2016.06.,60.0,19.73,65.25,14.27,47.2,6,,,,,,,,,3,1,복도식,65A,7.0,7.0,https://new.land.naver.com/complexes/116848?tab=detail&rf=Y,충청북도 청주시 서원구 개신동 707,충청북도,청주시,서원구,개신동,,충청북도 청주시 서원구 복대로17번길 11,0.0,446,69,26.0,0.43
[개신동],116848,7,수펠리스(도시형),2016.06.,60.0,20.55,67.94,15.05,49.77,6,,,,,,,,,3,1,복도식,67,7.0,7.0,https://new.land.naver.com/complexes/116848?tab=detail&rf=Y,충청북도 청주시 서원구 개신동 707,충청북도,청주시,서원구,개신동,,충청북도 청주시 서원구 복대로17번길 11,0.0,446,69,26.0,0.43
[개신동],116848,8,수펠리스(도시형),2016.06.,60.0,20.26,67.0,14.78,48.88,6,,,,,,,,,3,1,복도식,67B,7.0,7.0,https://new.land.naver.com/complexes/116848?tab=detail&rf=Y,충청북도 청주시 서원구 개신동 707,충청북도,청주시,서원구,개신동,,충청북도 청주시 서원구 복대로17번길 11,0.0,446,69,26.0,0.43
[개신동],116848,9,수펠리스(도시형),2016.06.,60.0,20.46,67.64,14.83,49.04,6,,,,,,,,,3,1,복도식,67C,7.0,7.0,https://new.land.naver.com/complexes/116848?tab=detail&rf=Y,충청북도 청주시 서원구 개신동 707,충청북도,청주시,서원구,개신동,,충청북도 청주시 서원구 복대로17번길 11,0.0,446,69,26.0,0.43
[개신동],7270,1,두진백로1단지,1993.04.,227.0,31.28,103.41,24.83,82.11,30,,,,,,,,,3,2,계단식,103A,15.0,10.0,https://new.land.naver.com/complexes/7270?tab=detail&rf=Y,충청북도 청주시 서원구 개신동 443,충청북도,청주시,서원구,개신동,,충청북도 청주시 서원구 모충로 38,0.0,385,23,164.0,0.72
[개신동],7270,2,두진백로1단지,1993.04.,227.0,32.03,105.9,25.43,84.09,15,,,,,,,,,3,2,계단식,105B,15.0,10.0,https://new.land.naver.com/complexes/7270?tab=detail&rf=Y,충청북도 청주시 서원구 개신동 443,충청북도,청주시,서원구,개신동,,충청북도 청주시 서원구 모충로 38,0.0,385,23,164.0,0.72
[개신동],7270,3,두진백로1단지,1993.04.,227.0,32.1,106.12,25.49,84.27,107,,,,,,,,,3,2,계단식,106C,15.0,10.0,https://new.land.naver.com/complexes/7270?tab=detail&rf=Y,충청북도 청주시 서원구 개신동 443,충청북도,청주시,서원구,개신동,,충청북도 청주시 서원구 모충로 38,0.0,385,23,164.0,0.72
[개신동],7270,4,두진백로1단지,1993.04.,227.0,32.35,106.96,25.69,84.93,30,,,,,,,,,3,2,계단식,106,15.0,10.0,https://new.land.naver.com/complexes/7270?tab=detail&rf=Y,충청북도 청주시 서원구 개신동 443,충청북도,청주시,서원구,개신동,,충청북도 청주시 서원구 모충로 38,0.0,385,23,164.0,0.72
[개신동],7270,5,두진백로1단지,1993.04.,227.0,33.73,111.53,26.78,88.56,15,,,,,,,,,3,2,계단식,111,15.0,10.0,https://new.land.naver.com/complexes/7270?tab=detail&rf=Y,충청북도 청주시 서원구 개신동 443,충청북도,청주시,서원구,개신동,,충청북도 청주시 서원구 모충로 38,0.0,385,23,164.0,0.72
[개신동],7270,6,두진백로1단지,1993.04.,227.0,45.52,150.49,36.14,119.49,15,,,,,,,,,4,2,계단식,150A,15.0,10.0,https://new.land.naver.com/complexes/7270?tab=detail&rf=Y,충청북도 청주시 서원구 개신동 443,충청북도,청주시,서원구,개신동,,충청북도 청주시 서원구 모충로 38,0.0,385,23,164.0,0.72
[개신동],7270,7,두진백로1단지,1993.04.,227.0,45.53,150.52,36.15,119.52,15,,,,,,,,,4,2,계단식,150B,15.0,10.0,https://new.land.naver.com/complexes/7270?tab=detail&rf=Y,충청북도 청주시 서원구 개신동 443,충청북도,청주시,서원구,개신동,,충청북도 청주시 서원구 모충로 38,0.0,385,23,164.0,0.72
[개신동],109733,1,어웰빌리지,2013.12.,42.0,10.45,34.57,8.2,27.12,22,,,,,,,,,1,1,복도식,34B,7.0,5.0,https://new.land.naver.com/complexes/109733?tab=detail&rf=Y,충청북도 청주시 서원구 개신동 709,충청북도,청주시,서원구,개신동,,충청북도 청주시 서원구 복대로17번길 27,0.0,323,55,19.0,0.45
[개신동],109733,2,어웰빌리지,2013.12.,42.0,10.42,34.46,8.17,27.03,2,,,,,,,,,1,1,복도식,34A,7.0,5.0,https://new.land.naver.com/complexes/109733?tab=detail&rf=Y,충청북도 청주시 서원구 개신동 709,충청북도,청주시,서원구,개신동,,충청북도 청주시 서원구 복대로17번길 27,0.0,323,55,19.0,0.45
[개신동],109733,3,어웰빌리지,2013.12.,42.0,11.67,38.61,9.15,30.28,6,,,,,,,,,1,1,복도식,38,7.0,5.0,https://new.land.naver.com/complexes/109733?tab=detail&rf=Y,충청북도 청주시 서원구 개신동 709,충청북도,청주시,서원구,개신동,,충청북도 청주시 서원구 복대로17번길 27,0.0,323,55,19.0,0.45
[개신동],109733,4,어웰빌리지,2013.12.,42.0,12.83,42.43,10.06,33.28,8,,,,,,,,,1,1,복도식,42A,7.0,5.0,https://new.land.naver.com/complexes/109733?tab=detail&rf=Y,충청북도 청주시 서원구 개신동 709,충청북도,청주시,서원구,개신동,,충청북도 청주시 서원구 복대로17번길 27,0.0,323,55,19.0,0.45
[개신동],109733,5,어웰빌리지,2013.12.,42.0,12.88,42.58,10.1,33.4,2,,,,,,,,,1,1,복도식,42B,7.0,5.0,https://new.land.naver.com/complexes/109733?tab=detail&rf=Y,충청북도 청주시 서원구 개신동 709,충청북도,청주시,서원구,개신동,,충청북도 청주시 서원구 복대로17번길 27,0.0,323,55,19.0,0.45
[개신동],109733,6,어웰빌리지,2013.12.,42.0,22.36,73.94,17.54,57.99,2,,,,,,,,,1,1,복도식,73,7.0,5.0,https://new.land.naver.com/complexes/109733?tab=detail&rf=Y,충청북도 청주시 서원구 개신동 709,충청북도,청주시,서원구,개신동,,충청북도 청주시 서원구 복대로17번길 27,0.0,323,55,19.0,0.45
[개신동],7265,1,두산한솔1차,1993.05.,206.0,25.11,83.02,18.03,59.62,86,,,,,,,,,3,1,계단식,83,15.0,14.0,https://new.land.naver.com/complexes/7265?tab=detail&rf=Y,충청북도 청주시 서원구 개신동 447-15,충청북도,청주시,서원구,개신동,,충청북도 청주시 서원구 모충로26번길 22,0.0,0,0,146.0,0.71
[개신동],7265,2,두산한솔1차,1993.05.,206.0,34.21,113.12,25.7,84.98,60,,,,,,,,,3,2,계단식,113,15.0,14.0,https://new.land.naver.com/complexes/7265?tab=detail&rf=Y,충청북도 청주시 서원구 개신동 447-15,충청북도,청주시,서원구,개신동,,충청북도 청주시 서원구 모충로26번길 22,0.0,0,0,146.0,0.71
[개신동],7265,3,두산한솔1차,1993.05.,206.0,43.71,144.5,33.65,111.25,60,,,,,,,,,4,2,계단식,144,15.0,14.0,https://new.land.naver.com/complexes/7265?tab=detail&rf=Y,충청북도 청주시 서원구 개신동 447-15,충청북도,청주시,서원구,개신동,,충청북도 청주시 서원구 모충로26번길 22,0.0,0,0,146.0,0.71
[개신동],12983,1,청주개신푸르지오,2004.11.,920.0,32.56,107.65,25.64,84.78,74,,,,,,,,,3,2,계단식,107B,25.0,18.0,https://new.land.naver.com/complexes/12983?tab=detail&rf=Y,충청북도 청주시 서원구 개신동 634,충청북도,청주시,서원구,개신동,,충청북도 청주시 서원구 신율로 13,0.0,242,14,968.0,1.05
[개신동],12983,2,청주개신푸르지오,2004.11.,920.0,32.86,108.64,25.64,84.77,662,,,,,,,,,3,2,계단식,108A,25.0,18.0,https://new.land.naver.com/complexes/12983?tab=detail&rf=Y,충청북도 청주시 서원구 개신동 634,충청북도,청주시,서원구,개신동,,충청북도 청주시 서원구 신율로 13,0.0,242,14,968.0,1.05
[개신동],12983,3,청주개신푸르지오,2004.11.,920.0,38.85,128.46,30.38,100.44,90,,,,,,,,,3,2,계단식,128,25.0,18.0,https://new.land.naver.com/complexes/12983?tab=detail&rf=Y,충청북도 청주시 서원구 개신동 634,충청북도,청주시,서원구,개신동,,충청북도 청주시 서원구 신율로 13,0.0,242,14,968.0,1.05
[개신동],12983,4,청주개신푸르지오,2004.11.,920.0,45.84,151.55,36.36,120.2,94,,,,,,,,,4,2,계단식,151,25.0,18.0,https://new.land.naver.com/complexes/12983?tab=detail&rf=Y,충청북도 청주시 서원구 개신동 634,충청북도,청주시,서원구,개신동,,충청북도 청주시 서원구 신율로 13,0.0,242,14,968.0,1.05
[개신동],7288,1,현대,1990.12.,511.0,26.58,87.87,21.52,71.17,112,,,,,,,,,3,2,계단식,87,15.0,9.0,https://new.land.naver.com/complexes/7288?tab=detail&rf=Y,충청북도 청주시 서원구 개신동 278-10,충청북도,청주시,서원구,개신동,,충청북도 청주시 서원구 성봉로220번길 23,0.0,0,0,408.0,0.8
[개신동],7288,2,현대,1990.12.,511.0,31.72,104.87,25.69,84.94,297,,,,,,,,,3,2,계단식,104,15.0,9.0,https://new.land.naver.com/complexes/7288?tab=detail&rf=Y,충청북도 청주시 서원구 개신동 278-10,충청북도,청주시,서원구,개신동,,충청북도 청주시 서원구 성봉로220번길 23,0.0,0,0,408.0,0.8
[개신동],7288,3,현대,1990.12.,511.0,31.46,104.01,25.48,84.25,15,,,,,,,,,3,2,계단식,104B,15.0,9.0,https://new.land.naver.com/complexes/7288?tab=detail&rf=Y,충청북도 청주시 서원구 개신동 278-10,충청북도,청주시,서원구,개신동,,충청북도 청주시 서원구 성봉로220번길 23,0.0,0,0,408.0,0.8
[개신동],7288,4,현대,1990.12.,511.0,46.8,154.74,37.91,125.34,87,,,,,,,,,4,2,계단식,154,15.0,9.0,https://new.land.naver.com/complexes/7288?tab=detail&rf=Y,충청북도 청주시 서원구 개신동 278-10,충청북도,청주시,서원구,개신동,,충청북도 청주시 서원구 성봉로220번길 23,0.0,0,0,408.0,0.8
[개신동],15428,1,삼익2차,1993.02.,390.0,31.27,103.38,25.7,84.96,294,,,,,,,,,3,2,계단식,103,13.0,9.0,https://new.land.naver.com/complexes/15428?tab=detail&rf=Y,충청북도 청주시 서원구 개신동 11,충청북도,청주시,서원구,개신동,,충청북도 청주시 서원구 창직로12번길 65,0.0,193,18,0.0,0.0
[개신동],15428,2,삼익2차,1993.02.,390.0,44.05,145.64,37.47,123.9,48,,,,,,,,,4,2,계단식,145,13.0,9.0,https://new.land.naver.com/complexes/15428?tab=detail&rf=Y,충청북도 청주시 서원구 개신동 11,충청북도,청주시,서원구,개신동,,충청북도 청주시 서원구 창직로12번길 65,0.0,193,18,0.0,0.0
[개신동],15428,3,삼익2차,1993.02.,390.0,51.62,170.67,44.42,146.85,48,,,,,,,,,4,2,계단식,170,13.0,9.0,https://new.land.naver.com/complexes/15428?tab=detail&rf=Y,충청북도 청주시 서원구 개신동 11,충청북도,청주시,서원구,개신동,,충청북도 청주시 서원구 창직로12번길 65,0.0,193,18,0.0,0.0
[개신동],10630,1,청주개신주공3단지,2003.07.,634.0,29.43,97.29,22.98,75.99,116,,,,,,,,,3,2,계단식,97,20.0,15.0,https://new.land.naver.com/complexes/10630?tab=detail&rf=Y,충청북도 청주시 서원구 개신동 590,충청북도,청주시,서원구,개신동,,충청북도 청주시 서원구 신율로 43,0.0,166,11,641.0,1.01
[개신동],10630,2,청주개신주공3단지,2003.07.,634.0,32.84,108.58,25.65,84.8,322,,,,,,,,,3,2,계단식,108A,20.0,15.0,https://new.land.naver.com/complexes/10630?tab=detail&rf=Y,충청북도 청주시 서원구 개신동 590,충청북도,청주시,서원구,개신동,,충청북도 청주시 서원구 신율로 43,0.0,166,11,641.0,1.01
[개신동],10630,3,청주개신주공3단지,2003.07.,634.0,32.87,108.68,25.67,84.86,116,,,,,,,,,3,2,계단식,108B,20.0,15.0,https://new.land.naver.com/complexes/10630?tab=detail&rf=Y,충청북도 청주시 서원구 개신동 590,충청북도,청주시,서원구,개신동,,충청북도 청주시 서원구 신율로 43,0.0,166,11,641.0,1.01
[개신동],10630,4,청주개신주공3단지,2003.07.,634.0,32.82,108.51,25.63,84.75,80,,,,,,,,,3,2,계단식,108C,20.0,15.0,https://new.land.naver.com/complexes/10630?tab=detail&rf=Y,충청북도 청주시 서원구 개신동 590,충청북도,청주시,서원구,개신동,,충청북도 청주시 서원구 신율로 43,0.0,166,11,641.0,1.01
[개신동],111324,1,라임스토리2(도시형),2014.12.,53.0,9.22,30.5,7.0,23.15,5,,,,,,,,,1,1,계단식,30,7.0,7.0,https://new.land.naver.com/complexes/111324?tab=detail&rf=Y,충청북도 청주시 서원구 개신동 706,충청북도,청주시,서원구,개신동,,충청북도 청주시 서원구 복대로17번길 7-10,0.0,404,69,23.0,0.43
[개신동],111324,2,라임스토리2(도시형),2014.12.,53.0,9.84,32.54,7.47,24.7,6,,,,,,,,,1,1,계단식,32,7.0,7.0,https://new.land.naver.com/complexes/111324?tab=detail&rf=Y,충청북도 청주시 서원구 개신동 706,충청북도,청주시,서원구,개신동,,충청북도 청주시 서원구 복대로17번길 7-10,0.0,404,69,23.0,0.43
[개신동],111324,3,라임스토리2(도시형),2014.12.,53.0,13.32,44.06,10.11,33.44,24,,,,,,,,,1,1,계단식,44,7.0,7.0,https://new.land.naver.com/complexes/111324?tab=detail&rf=Y,충청북도 청주시 서원구 개신동 706,충청북도,청주시,서원구,개신동,,충청북도 청주시 서원구 복대로17번길 7-10,0.0,404,69,23.0,0.43
[개신동],111324,4,라임스토리2(도시형),2014.12.,53.0,15.46,51.14,11.74,38.81,12,,,,,,,,,1,1,계단식,51,7.0,7.0,https://new.land.naver.com/complexes/111324?tab=detail&rf=Y,충청북도 청주시 서원구 개신동 706,충청북도,청주시,서원구,개신동,,충청북도 청주시 서원구 복대로17번길 7-10,0.0,404,69,23.0,0.43
[개신동],111324,5,라임스토리2(도시형),2014.12.,53.0,19.83,65.56,15.04,49.75,6,,,,,,,,,1,1,계단식,65,7.0,7.0,https://new.land.naver.com/complexes/111324?tab=detail&rf=Y,충청북도 청주시 서원구 개신동 706,충청북도,청주시,서원구,개신동,,충청북도 청주시 서원구 복대로17번길 7-10,0.0,404,69,23.0,0.43
[개신동],7283,1,송학삼익맨션,1992.02.,330.0,28.64,94.7,25.69,84.93,270,,,,,,,,,3,2,계단식,94,15.0,15.0,https://new.land.naver.com/complexes/7283?tab=detail&rf=Y,충청북도 청주시 서원구 개신동 446-2,충청북도,청주시,서원구,개신동,,충청북도 청주시 서원구 모충로12번길 4,0.0,0,0,231.0,0.7
[개신동],7283,2,송학삼익맨션,1992.02.,330.0,41.67,137.77,37.82,125.03,60,,,,,,,,,4,2,계단식,137,15.0,15.0,https://new.land.naver.com/complexes/7283?tab=detail&rf=Y,충청북도 청주시 서원구 개신동 446-2,충청북도,청주시,서원구,개신동,,충청북도 청주시 서원구 모충로12번길 4,0.0,0,0,231.0,0.7
[개신동],106606,1,개신한사랑,1995.12.,138.0,9.45,31.24,6.44,21.32,13,,,,,,,,,1,1,복도식,31,12.0,12.0,https://new.land.naver.com/complexes/106606?tab=detail&rf=Y,충청북도 청주시 서원구 개신동 447-36,충청북도,청주시,서원구,개신동,,충청북도 청주시 서원구 모충로12번길 9-13,0.0,352,48,66.0,0.48
[개신동],106606,2,개신한사랑,1995.12.,138.0,11.52,38.1,7.86,26.0,116,,,,,,,,,1,1,복도식,38,12.0,12.0,https://new.land.naver.com/complexes/106606?tab=detail&rf=Y,충청북도 청주시 서원구 개신동 447-36,충청북도,청주시,서원구,개신동,,충청북도 청주시 서원구 모충로12번길 9-13,0.0,352,48,66.0,0.48
[개신동],106606,3,개신한사랑,1995.12.,138.0,14.07,46.54,9.6,31.76,9,,,,,,,,,1,1,복도식,46,12.0,12.0,https://new.land.naver.com/complexes/106606?tab=detail&rf=Y,충청북도 청주시 서원구 개신동 447-36,충청북도,청주시,서원구,개신동,,충청북도 청주시 서원구 모충로12번길 9-13,0.0,352,48,66.0,0.48
[개신동],104955,1,개신우정,1997.07.,236.0,10.6,35.05,7.26,24.03,186,,,,,,,,,1,1,복도식,35A,14.0,6.0,https://new.land.naver.com/complexes/104955?tab=detail&rf=Y,충청북도 청주시 서원구 개신동 1-16,충청북도,청주시,서원구,개신동,,충청북도 청주시 서원구 예체로1번길 29,0.0,286,53,98.0,0.42
[개신동],104955,2,개신우정,1997.07.,236.0,11.15,36.88,7.65,25.29,50,,,,,,,,,1,1,복도식,36B,14.0,6.0,https://new.land.naver.com/complexes/104955?tab=detail&rf=Y,충청북도 청주시 서원구 개신동 1-16,충청북도,청주시,서원구,개신동,,충청북도 청주시 서원구 예체로1번길 29,0.0,286,53,98.0,0.42
[개신동],7267,1,두산한솔2차,1993.11.,180.0,24.5,81.01,18.15,60.0,90,,,,,,,,,3,1,계단식,81,15.0,15.0,https://new.land.naver.com/complexes/7267?tab=detail&rf=Y,충청북도 청주시 서원구 개신동 444-2,충청북도,청주시,서원구,개신동,,충청북도 청주시 서원구 모충로26번길 60,0.0,0,0,162.0,0.9
[개신동],7267,2,두산한솔2차,1993.11.,180.0,31.48,104.08,25.7,84.99,90,,,,,,,,,3,2,계단식,104,15.0,15.0,https://new.land.naver.com/complexes/7267?tab=detail&rf=Y,충청북도 청주시 서원구 개신동 444-2,충청북도,청주시,서원구,개신동,,충청북도 청주시 서원구 모충로26번길 60,0.0,0,0,162.0,0.9
[개신동],25720,1,태암베스트윙,2005.09.,118.0,34.02,112.48,25.68,84.9,118,,,,,,,,,3,2,계단식,112,15.0,8.0,https://new.land.naver.com/complexes/25720?tab=detail&rf=Y,충청북도 청주시 서원구 개신동 8,충청북도,청주시,서원구,개신동,,충청북도 청주시 서원구 1순환로751번길 29,0.0,175,21,165.0,1.4
[개신동],115043,1,서우,1987.12.,88.0,10.56,34.91,8.34,27.6,24,,,,,,,,,2,1,계단식,34,4.0,4.0,https://new.land.naver.com/complexes/115043?tab=detail&rf=Y,충청북도 청주시 서원구 개신동 443-6,충청북도,청주시,서원구,개신동,,충청북도 청주시 서원구 모충로 44-2,0.0,0,0,0.0,0.0
[개신동],115043,2,서우,1987.12.,88.0,17.54,57.99,13.83,45.73,4,,,,,,,,,2,1,계단식,57A,4.0,4.0,https://new.land.naver.com/complexes/115043?tab=detail&rf=Y,충청북도 청주시 서원구 개신동 443-6,충청북도,청주시,서원구,개신동,,충청북도 청주시 서원구 모충로 44-2,0.0,0,0,0.0,0.0
[개신동],115043,3,서우,1987.12.,88.0,18.13,59.95,14.32,47.37,20,,,,,,,,,2,1,계단식,59B,4.0,4.0,https://new.land.naver.com/complexes/115043?tab=detail&rf=Y,충청북도 청주시 서원구 개신동 443-6,충청북도,청주시,서원구,개신동,,충청북도 청주시 서원구 모충로 44-2,0.0,0,0,0.0,0.0
[개신동],115043,4,서우,1987.12.,88.0,22.15,73.25,17.87,59.1,40,,,,,,,,,3,1,계단식,73,4.0,4.0,https://new.land.naver.com/complexes/115043?tab=detail&rf=Y,충청북도 청주시 서원구 개신동 443-6,충청북도,청주시,서원구,개신동,,충청북도 청주시 서원구 모충로 44-2,0.0,0,0,0.0,0.0
[개신동],25977,1,청주개신주공1단지,2001.12.,1398.0,21.57,71.32,15.1,49.93,631,,,,,,,,,2,1,계단식,71B,25.0,8.0,https://new.land.naver.com/complexes/25977?tab=detail&rf=Y,충청북도 청주시 서원구 개신동 613,충청북도,청주시,서원구,개신동,,충청북도 청주시 서원구 경신로 67,0.0,204,18,1061.0,0.76
[개신동],25977,2,청주개신주공1단지,2001.12.,1398.0,21.53,71.18,15.07,49.83,85,,,,,,,,,2,1,계단식,71A,25.0,8.0,https://new.land.naver.com/complexes/25977?tab=detail&rf=Y,충청북도 청주시 서원구 개신동 613,충청북도,청주시,서원구,개신동,,충청북도 청주시 서원구 경신로 67,0.0,204,18,1061.0,0.76
[개신동],25977,3,청주개신주공1단지,2001.12.,1398.0,25.88,85.57,18.11,59.9,511,,,,,,,,,3,2,계단식,85A,25.0,8.0,https://new.land.naver.com/complexes/25977?tab=detail&rf=Y,충청북도 청주시 서원구 개신동 613,충청북도,청주시,서원구,개신동,,충청북도 청주시 서원구 경신로 67,0.0,204,18,1061.0,0.76
[개신동],25977,4,청주개신주공1단지,2001.12.,1398.0,25.83,85.39,18.08,59.78,72,,,,,,,,,2,2,계단식,85C,25.0,8.0,https://new.land.naver.com/complexes/25977?tab=detail&rf=Y,충청북도 청주시 서원구 개신동 613,충청북도,청주시,서원구,개신동,,충청북도 청주시 서원구 경신로 67,0.0,204,18,1061.0,0.76
[개신동],25977,5,청주개신주공1단지,2001.12.,1398.0,25.88,85.58,18.12,59.91,60,,,,,,,,,2,2,계단식,85B,25.0,8.0,https://new.land.naver.com/complexes/25977?tab=detail&rf=Y,충청북도 청주시 서원구 개신동 613,충청북도,청주시,서원구,개신동,,충청북도 청주시 서원구 경신로 67,0.0,204,18,1061.0,0.76
[개신동],25977,6,청주개신주공1단지,2001.12.,1398.0,25.9,85.62,18.13,59.94,39,,,,,,,,,3,2,계단식,85D,25.0,8.0,https://new.land.naver.com/complexes/25977?tab=detail&rf=Y,충청북도 청주시 서원구 개신동 613,충청북도,청주시,서원구,개신동,,충청북도 청주시 서원구 경신로 67,0.0,204,18,1061.0,0.76
[개신동],7279,1,삼익,1991.02.,744.0,31.6,104.48,25.7,84.96,685,,,,,,,,,3,2,계단식,104B,15.0,13.0,https://new.land.naver.com/complexes/7279?tab=detail&rf=Y,충청북도 청주시 서원구 개신동 10,충청북도,청주시,서원구,개신동,,충청북도 청주시 서원구 예체로29번길 9,0.0,210,17,2268.0,3.05
[개신동],7279,2,삼익,1991.02.,744.0,31.57,104.38,25.67,84.86,3,,,,,,,,,3,2,계단식,104A,15.0,13.0,https://new.land.naver.com/complexes/7279?tab=detail&rf=Y,충청북도 청주시 서원구 개신동 10,충청북도,청주시,서원구,개신동,,충청북도 청주시 서원구 예체로29번길 9,0.0,210,17,2268.0,3.05
[개신동],7279,3,삼익,1991.02.,744.0,45.88,151.68,38.76,128.16,56,,,,,,,,,4,2,계단식,151,15.0,13.0,https://new.land.naver.com/complexes/7279?tab=detail&rf=Y,충청북도 청주시 서원구 개신동 10,충청북도,청주시,서원구,개신동,,충청북도 청주시 서원구 예체로29번길 9,0.0,210,17,2268.0,3.05
[개신동],106605,1,개신재원,1998.06.,180.0,13.12,43.38,9.31,30.8,20,,,,,,,,,1,1,계단식,43,10.0,10.0,https://new.land.naver.com/complexes/106605?tab=detail&rf=Y,충청북도 청주시 서원구 개신동 447-3,충청북도,청주시,서원구,개신동,,충청북도 청주시 서원구 1순환로803번길 15,0.0,252,28,140.0,0.78
[개신동],106605,2,개신재원,1998.06.,180.0,13.97,46.19,9.92,32.8,159,,,,,,,,,1,1,복도식,46,10.0,10.0,https://new.land.naver.com/complexes/106605?tab=detail&rf=Y,충청북도 청주시 서원구 개신동 447-3,충청북도,청주시,서원구,개신동,,충청북도 청주시 서원구 1순환로803번길 15,0.0,252,28,140.0,0.78
[개신동],15432,1,한진신세대,1996.02.,336.0,12.94,42.79,9.68,32.0,336,,,,,,,,,1,1,복도식,42,15.0,15.0,https://new.land.naver.com/complexes/15432?tab=detail&rf=Y,충청북도 청주시 서원구 개신동 41-5,충청북도,청주시,서원구,개신동,,충청북도 청주시 서원구 모충로3번길 81,0.0,393,48,120.0,0.36
[남이면],124778,1,힐데스빌2단지(도시형),2016.09.,20.0,28.42,93.96,24.91,82.36,4,,,,,,,,,3,2,계단식,93,4.0,4.0,https://new.land.naver.com/complexes/124778?tab=detail&rf=Y,충청북도 청주시 서원구 남이면 가마리 30-20,충청북도,청주시,서원구,남이면,,충청북도 청주시 서원구 청남로 1809-8,0.0,72,19,26.0,1.3
[남이면],124778,2,힐데스빌2단지(도시형),2016.09.,20.0,28.93,95.64,25.42,84.04,16,,,,,,,,,3,2,계단식,95,4.0,4.0,https://new.land.naver.com/complexes/124778?tab=detail&rf=Y,충청북도 청주시 서원구 남이면 가마리 30-20,충청북도,청주시,서원구,남이면,,충청북도 청주시 서원구 청남로 1809-8,0.0,72,19,26.0,1.3
[남이면],109416,1,청주가마힐데스하임,2016.12.,988.0,31.61,104.52,24.2,80.03,150,,,,,,,,,3,2,계단식,104A,25.0,22.0,https://new.land.naver.com/complexes/109416?tab=detail&rf=Y,충청북도 청주시 서원구 남이면 가마리 378,충청북도,청주시,서원구,남이면,,충청북도 청주시 서원구 2순환로 1717,0.0,199,13,1388.0,1.4
[남이면],109416,2,청주가마힐데스하임,2016.12.,988.0,31.88,105.39,24.42,80.75,150,,,,,,,,,3,2,계단식,105B,25.0,22.0,https://new.land.naver.com/complexes/109416?tab=detail&rf=Y,충청북도 청주시 서원구 남이면 가마리 378,충청북도,청주시,서원구,남이면,,충청북도 청주시 서원구 2순환로 1717,0.0,199,13,1388.0,1.4
[남이면],109416,3,청주가마힐데스하임,2016.12.,988.0,34.08,112.68,25.68,84.91,174,,,,,,,,,3,2,계단식,112B,25.0,22.0,https://new.land.naver.com/complexes/109416?tab=detail&rf=Y,충청북도 청주시 서원구 남이면 가마리 378,충청북도,청주시,서원구,남이면,,충청북도 청주시 서원구 2순환로 1717,0.0,199,13,1388.0,1.4
[남이면],109416,4,청주가마힐데스하임,2016.12.,988.0,34.2,113.07,25.69,84.94,514,,,,,,,,,3,2,계단식,113A,25.0,22.0,https://new.land.naver.com/complexes/109416?tab=detail&rf=Y,충청북도 청주시 서원구 남이면 가마리 378,충청북도,청주시,서원구,남이면,,충청북도 청주시 서원구 2순환로 1717,0.0,199,13,1388.0,1.4
[남이면],139147,1,힐데스빌1단지,2016.09.,16.0,28.61,94.59,25.1,82.99,2,,,,,,,,,3,2,계단식,94A,4.0,4.0,https://new.land.naver.com/complexes/139147?tab=detail&rf=Y,충청북도 청주시 서원구 남이면 가마리 30-16,충청북도,청주시,서원구,남이면,,충청북도 청주시 서원구 2순환로 1725,0.0,72,19,22.0,1.38
[남이면],139147,2,힐데스빌1단지,2016.09.,16.0,29.12,96.28,25.61,84.67,14,,,,,,,,,3,2,계단식,96B,4.0,4.0,https://new.land.naver.com/complexes/139147?tab=detail&rf=Y,충청북도 청주시 서원구 남이면 가마리 30-16,충청북도,청주시,서원구,남이면,,충청북도 청주시 서원구 2순환로 1725,0.0,72,19,22.0,1.38
[모충동],115066,1,남부,1981.05.,80.0,19.78,65.42,14.75,48.79,36,,,,,,,,,2,1,복도식,65A,6.0,6.0,https://new.land.naver.com/complexes/115066?tab=detail&rf=Y,충청북도 청주시 서원구 모충동 88-4,충청북도,청주시,서원구,모충동,,충청북도 청주시 서원구 구룡산로405번길 54,0.0,0,0,0.0,0.0
[모충동],115066,2,남부,1981.05.,80.0,20.11,66.48,15.62,51.64,20,,,,,,,,,2,1,복도식,66B,6.0,6.0,https://new.land.naver.com/complexes/115066?tab=detail&rf=Y,충청북도 청주시 서원구 모충동 88-4,충청북도,청주시,서원구,모충동,,충청북도 청주시 서원구 구룡산로405번길 54,0.0,0,0,0.0,0.0
[모충동],115066,3,남부,1981.05.,80.0,22.99,76.03,17.33,57.29,8,,,,,,,,,3,1,복도식,76,6.0,6.0,https://new.land.naver.com/complexes/115066?tab=detail&rf=Y,충청북도 청주시 서원구 모충동 88-4,충청북도,청주시,서원구,모충동,,충청북도 청주시 서원구 구룡산로405번길 54,0.0,0,0,0.0,0.0
[모충동],115066,4,남부,1981.05.,80.0,24.81,82.02,20.4,67.44,4,,,,,,,,,3,1,복도식,82,6.0,6.0,https://new.land.naver.com/complexes/115066?tab=detail&rf=Y,충청북도 청주시 서원구 모충동 88-4,충청북도,청주시,서원구,모충동,,충청북도 청주시 서원구 구룡산로405번길 54,0.0,0,0,0.0,0.0
[모충동],115066,5,남부,1981.05.,80.0,28.26,93.45,23.61,78.05,4,,,,,,,,,3,1,복도식,93,6.0,6.0,https://new.land.naver.com/complexes/115066?tab=detail&rf=Y,충청북도 청주시 서원구 모충동 88-4,충청북도,청주시,서원구,모충동,,충청북도 청주시 서원구 구룡산로405번길 54,0.0,0,0,0.0,0.0
[모충동],115066,6,남부,1981.05.,80.0,29.32,96.93,21.87,72.33,8,,,,,,,,,3,1,복도식,96,6.0,6.0,https://new.land.naver.com/complexes/115066?tab=detail&rf=Y,충청북도 청주시 서원구 모충동 88-4,충청북도,청주시,서원구,모충동,,충청북도 청주시 서원구 구룡산로405번길 54,0.0,0,0,0.0,0.0
[모충동],12097,1,삼우,1986.01.,40.0,21.45,70.92,19.71,65.16,40,,,,,,,,,3,1,계단식,70,5.0,5.0,https://new.land.naver.com/complexes/12097?tab=detail&rf=Y,충청북도 청주시 서원구 모충동 456,충청북도,청주시,서원구,모충동,,충청북도 청주시 서원구 쌍샘로 101,0.0,0,0,0.0,0.0
[모충동],7303,1,삼호,1991.08.,254.0,29.22,96.61,23.73,78.47,40,,,,,,,,,3,1,계단식,96,15.0,9.0,https://new.land.naver.com/complexes/7303?tab=detail&rf=Y,충청북도 청주시 서원구 모충동 446-20,충청북도,청주시,서원구,모충동,,충청북도 청주시 서원구 매봉로 208,0.0,0,0,149.0,0.59
[모충동],7303,2,삼호,1991.08.,254.0,31.93,105.57,25.69,84.94,184,,,,,,,,,3,2,계단식,105,15.0,9.0,https://new.land.naver.com/complexes/7303?tab=detail&rf=Y,충청북도 청주시 서원구 모충동 446-20,충청북도,청주시,서원구,모충동,,충청북도 청주시 서원구 매봉로 208,0.0,0,0,149.0,0.59
[모충동],7303,3,삼호,1991.08.,254.0,44.32,146.54,38.3,126.62,30,,,,,,,,,4,2,계단식,146,15.0,9.0,https://new.land.naver.com/complexes/7303?tab=detail&rf=Y,충청북도 청주시 서원구 모충동 446-20,충청북도,청주시,서원구,모충동,,충청북도 청주시 서원구 매봉로 208,0.0,0,0,149.0,0.59
[모충동],7313,1,형석,1983.08.,204.0,14.39,47.6,12.65,41.82,48,,,,,,,,,2,1,계단식,47,5.0,5.0,https://new.land.naver.com/complexes/7313?tab=detail&rf=Y,충청북도 청주시 서원구 모충동 251-1,충청북도,청주시,서원구,모충동,,충청북도 청주시 서원구 남들로35번길 61,0.0,0,0,0.0,0.0
[모충동],7313,2,형석,1983.08.,204.0,16.75,55.4,15.0,49.59,60,,,,,,,,,2,1,계단식,55,5.0,5.0,https://new.land.naver.com/complexes/7313?tab=detail&rf=Y,충청북도 청주시 서원구 모충동 251-1,충청북도,청주시,서원구,모충동,,충청북도 청주시 서원구 남들로35번길 61,0.0,0,0,0.0,0.0
[모충동],7313,3,형석,1983.08.,204.0,23.29,77.01,20.46,67.65,48,,,,,,,,,3,1,복도식,77,5.0,5.0,https://new.land.naver.com/complexes/7313?tab=detail&rf=Y,충청북도 청주시 서원구 모충동 251-1,충청북도,청주시,서원구,모충동,,충청북도 청주시 서원구 남들로35번길 61,0.0,0,0,0.0,0.0
[모충동],7313,4,형석,1983.08.,204.0,24.01,79.4,21.09,69.75,48,,,,,,,,,3,1,계단식,79,5.0,5.0,https://new.land.naver.com/complexes/7313?tab=detail&rf=Y,충청북도 청주시 서원구 모충동 251-1,충청북도,청주시,서원구,모충동,,충청북도 청주시 서원구 남들로35번길 61,0.0,0,0,0.0,0.0
[모충동],105702,1,서원,1987.10.,89.0,9.79,32.39,7.84,25.92,4,,,,,,,,,1,1,복도식,32,5.0,5.0,https://new.land.naver.com/complexes/105702?tab=detail&rf=Y,충청북도 청주시 서원구 모충동 117-2,충청북도,청주시,서원구,모충동,,충청북도 청주시 서원구 구룡산로389번길 79,0.0,188,37,0.0,0.0
[모충동],105702,2,서원,1987.10.,89.0,11.02,36.44,8.82,29.16,5,,,,,,,,,1,1,복도식,36,5.0,5.0,https://new.land.naver.com/complexes/105702?tab=detail&rf=Y,충청북도 청주시 서원구 모충동 117-2,충청북도,청주시,서원구,모충동,,충청북도 청주시 서원구 구룡산로389번길 79,0.0,188,37,0.0,0.0
[모충동],105702,3,서원,1987.10.,89.0,11.63,38.46,9.31,30.78,80,,,,,,,,,1,1,복도식,38,5.0,5.0,https://new.land.naver.com/complexes/105702?tab=detail&rf=Y,충청북도 청주시 서원구 모충동 117-2,충청북도,청주시,서원구,모충동,,충청북도 청주시 서원구 구룡산로389번길 79,0.0,188,37,0.0,0.0
[모충동],102759,1,일신베네스트,2004.11.,198.0,9.71,32.11,7.47,24.71,18,,,,,,,,,1,1,복도식,32,11.0,11.0,https://new.land.naver.com/complexes/102759?tab=detail&rf=Y,충청북도 청주시 서원구 모충동 520-40,충청북도,청주시,서원구,모충동,,충청북도 청주시 서원구 모충로68번길 26,0.0,300,54,146.0,0.74
[모충동],102759,2,일신베네스트,2004.11.,198.0,12.16,40.21,9.35,30.94,179,,,,,,,,,1,1,복도식,40,11.0,11.0,https://new.land.naver.com/complexes/102759?tab=detail&rf=Y,충청북도 청주시 서원구 모충동 520-40,충청북도,청주시,서원구,모충동,,충청북도 청주시 서원구 모충로68번길 26,0.0,300,54,146.0,0.74
[모충동],102759,3,일신베네스트,2004.11.,198.0,15.34,50.72,11.8,39.03,1,,,,,,,,,2,1,복도식,50,11.0,11.0,https://new.land.naver.com/complexes/102759?tab=detail&rf=Y,충청북도 청주시 서원구 모충동 520-40,충청북도,청주시,서원구,모충동,,충청북도 청주시 서원구 모충로68번길 26,0.0,300,54,146.0,0.74
[모충동],109868,1,덕일,1984.12.,42.0,28.18,93.18,19.84,65.61,6,,,,,,,,,3,2,계단식,93,5.0,3.0,https://new.land.naver.com/complexes/109868?tab=detail&rf=Y,충청북도 청주시 서원구 모충동 94-7,충청북도,청주시,서원구,모충동,,충청북도 청주시 서원구 청남로2142번길 15,0.0,0,0,0.0,0.0
[모충동],109868,2,덕일,1984.12.,42.0,29.31,96.9,20.69,68.4,6,,,,,,,,,3,2,계단식,96,5.0,3.0,https://new.land.naver.com/complexes/109868?tab=detail&rf=Y,충청북도 청주시 서원구 모충동 94-7,충청북도,청주시,서원구,모충동,,충청북도 청주시 서원구 청남로2142번길 15,0.0,0,0,0.0,0.0
[모충동],109868,3,덕일,1984.12.,42.0,31.4,103.83,23.71,78.39,24,,,,,,,,,3,2,계단식,103B,5.0,3.0,https://new.land.naver.com/complexes/109868?tab=detail&rf=Y,충청북도 청주시 서원구 모충동 94-7,충청북도,청주시,서원구,모충동,,충청북도 청주시 서원구 청남로2142번길 15,0.0,0,0,0.0,0.0
[모충동],109868,4,덕일,1984.12.,42.0,31.39,103.78,23.69,78.34,1,,,,,,,,,3,2,계단식,103A,5.0,3.0,https://new.land.naver.com/complexes/109868?tab=detail&rf=Y,충청북도 청주시 서원구 모충동 94-7,충청북도,청주시,서원구,모충동,,충청북도 청주시 서원구 청남로2142번길 15,0.0,0,0,0.0,0.0
[모충동],109868,5,덕일,1984.12.,42.0,33.12,109.49,25.1,82.98,5,,,,,,,,,3,2,계단식,109,5.0,3.0,https://new.land.naver.com/complexes/109868?tab=detail&rf=Y,충청북도 청주시 서원구 모충동 94-7,충청북도,청주시,서원구,모충동,,충청북도 청주시 서원구 청남로2142번길 15,0.0,0,0,0.0,0.0
[모충동],7307,1,주공,1985.11.,330.0,13.28,43.92,11.65,38.52,190,,,,,,,,,2,1,계단식,43,5.0,5.0,https://new.land.naver.com/complexes/7307?tab=detail&rf=Y,충청북도 청주시 서원구 모충동 452,충청북도,청주시,서원구,모충동,,충청북도 청주시 서원구 쌍샘로 81,0.0,0,0,231.0,0.7
[모충동],7307,2,주공,1985.11.,330.0,15.92,52.65,14.29,47.25,140,,,,,,,,,3,1,계단식,52,5.0,5.0,https://new.land.naver.com/complexes/7307?tab=detail&rf=Y,충청북도 청주시 서원구 모충동 452,충청북도,청주시,서원구,모충동,,충청북도 청주시 서원구 쌍샘로 81,0.0,0,0,231.0,0.7
[모충동],15433,1,그린맨션,1987.08.,96.0,24.6,81.33,22.27,73.62,24,,,,,,,,,3,1,복도식,81,6.0,6.0,https://new.land.naver.com/complexes/15433?tab=detail&rf=Y,충청북도 청주시 서원구 모충동 487-35,충청북도,청주시,서원구,모충동,,충청북도 청주시 서원구 모충로96번길 51,0.0,0,0,0.0,0.0
[모충동],15433,2,그린맨션,1987.08.,96.0,26.69,88.24,24.2,80.01,72,,,,,,,,,3,1,복도식,88,6.0,6.0,https://new.land.naver.com/complexes/15433?tab=detail&rf=Y,충청북도 청주시 서원구 모충동 487-35,충청북도,청주시,서원구,모충동,,충청북도 청주시 서원구 모충로96번길 51,0.0,0,0,0.0,0.0
[모충동],15434,1,모충청송,1994.07.,94.0,24.36,80.55,18.11,59.9,94,,,,,,,,,3,1,복도식,80,15.0,11.0,https://new.land.naver.com/complexes/15434?tab=detail&rf=Y,충청북도 청주시 서원구 모충동 342,충청북도,청주시,서원구,모충동,,충청북도 청주시 서원구 모충로 164,0.0,274,23,19.0,0.2
[모충동],112518,1,삼덕,1997.03.,84.0,12.91,42.68,9.83,32.52,84,,,,,,,,,1,1,복도식,42,9.0,5.0,https://new.land.naver.com/complexes/112518?tab=detail&rf=Y,충청북도 청주시 서원구 모충동 490-1,충청북도,청주시,서원구,모충동,,충청북도 청주시 서원구 쌍샘로107번길 25,0.0,193,25,41.0,0.49
[모충동],7300,1,삼익세라믹,1989.08.,229.0,22.22,73.47,18.62,61.56,42,,,,,,,,,2,1,계단식,73,15.0,8.0,https://new.land.naver.com/complexes/7300?tab=detail&rf=Y,충청북도 청주시 서원구 모충동 374-1,충청북도,청주시,서원구,모충동,,충청북도 청주시 서원구 서원서로 27,0.0,0,0,0.0,0.0
[모충동],7300,2,삼익세라믹,1989.08.,229.0,26.54,87.74,22.18,73.35,1,,,,,,,,,3,2,계단식,87A,15.0,8.0,https://new.land.naver.com/complexes/7300?tab=detail&rf=Y,충청북도 청주시 서원구 모충동 374-1,충청북도,청주시,서원구,모충동,,충청북도 청주시 서원구 서원서로 27,0.0,0,0,0.0,0.0
[모충동],7300,3,삼익세라믹,1989.08.,229.0,26.83,88.72,22.49,74.35,39,,,,,,,,,3,1,계단식,88B,15.0,8.0,https://new.land.naver.com/complexes/7300?tab=detail&rf=Y,충청북도 청주시 서원구 모충동 374-1,충청북도,청주시,서원구,모충동,,충청북도 청주시 서원구 서원서로 27,0.0,0,0,0.0,0.0
[모충동],7300,4,삼익세라믹,1989.08.,229.0,30.22,99.91,25.11,83.01,90,,,,,,,,,3,1,계단식,99,15.0,8.0,https://new.land.naver.com/complexes/7300?tab=detail&rf=Y,충청북도 청주시 서원구 모충동 374-1,충청북도,청주시,서원구,모충동,,충청북도 청주시 서원구 서원서로 27,0.0,0,0,0.0,0.0
[모충동],7300,5,삼익세라믹,1989.08.,229.0,30.59,101.14,25.63,84.75,57,,,,,,,,,3,1,계단식,101,15.0,8.0,https://new.land.naver.com/complexes/7300?tab=detail&rf=Y,충청북도 청주시 서원구 모충동 374-1,충청북도,청주시,서원구,모충동,,충청북도 청주시 서원구 서원서로 27,0.0,0,0,0.0,0.0
[모충동],110869,1,모충동일센타시아,2016.05.,240.0,25.81,85.35,19.27,63.72,89,,,,,,,,,3,2,계단식,85A,19.0,10.0,https://new.land.naver.com/complexes/110869?tab=detail&rf=Y,충청북도 청주시 서원구 모충동 552,충청북도,청주시,서원구,모충동,,충청북도 청주시 서원구 매봉로 190,0.0,226,20,253.0,1.05
[모충동],110869,2,모충동일센타시아,2016.05.,240.0,26.08,86.23,19.68,65.06,101,,,,,,,,,3,2,계단식,86B,19.0,10.0,https://new.land.naver.com/complexes/110869?tab=detail&rf=Y,충청북도 청주시 서원구 모충동 552,충청북도,청주시,서원구,모충동,,충청북도 청주시 서원구 매봉로 190,0.0,226,20,253.0,1.05
[모충동],110869,3,모충동일센타시아,2016.05.,240.0,27.9,92.24,21.1,69.76,50,,,,,,,,,3,2,계단식,92,19.0,10.0,https://new.land.naver.com/complexes/110869?tab=detail&rf=Y,충청북도 청주시 서원구 모충동 552,충청북도,청주시,서원구,모충동,,충청북도 청주시 서원구 매봉로 190,0.0,226,20,253.0,1.05
[모충동],120667,1,힐탑,1991.05.,60.0,11.44,37.85,6.64,21.96,50,,,,,,,,,1,1,복도식,37B,6.0,6.0,https://new.land.naver.com/complexes/120667?tab=detail&rf=Y,충청북도 청주시 서원구 모충동 249-19,충청북도,청주시,서원구,모충동,,충청북도 청주시 서원구 남들로25번길 32-1,0.0,244,45,8.0,0.13
[모충동],120667,2,힐탑,1991.05.,60.0,11.44,37.85,6.64,21.96,10,,,,,,,,,1,1,복도식,37A,6.0,6.0,https://new.land.naver.com/complexes/120667?tab=detail&rf=Y,충청북도 청주시 서원구 모충동 249-19,충청북도,청주시,서원구,모충동,,충청북도 청주시 서원구 남들로25번길 32-1,0.0,244,45,8.0,0.13
[모충동],111387,1,포스필,2015.07.,76.0,24.4,80.68,18.01,59.54,18,,,,,,,,,3,2,계단식,80A,10.0,8.0,https://new.land.naver.com/complexes/111387?tab=detail&rf=Y,충청북도 청주시 서원구 모충동 490-5,충청북도,청주시,서원구,모충동,,충청북도 청주시 서원구 쌍샘로107번길 33,0.0,198,24,62.0,0.82
[모충동],111387,2,포스필,2015.07.,76.0,24.56,81.2,18.13,59.94,49,,,,,,,,,3,2,계단식,81B,10.0,8.0,https://new.land.naver.com/complexes/111387?tab=detail&rf=Y,충청북도 청주시 서원구 모충동 490-5,충청북도,청주시,서원구,모충동,,충청북도 청주시 서원구 쌍샘로107번길 33,0.0,198,24,62.0,0.82
[모충동],111387,3,포스필,2015.07.,76.0,24.62,81.41,18.1,59.84,9,,,,,,,,,3,2,계단식,81C,10.0,8.0,https://new.land.naver.com/complexes/111387?tab=detail&rf=Y,충청북도 청주시 서원구 모충동 490-5,충청북도,청주시,서원구,모충동,,충청북도 청주시 서원구 쌍샘로107번길 33,0.0,198,24,62.0,0.82
[모충동],120669,1,원당맨션,1990.06.,40.0,28.49,94.19,21.81,72.12,5,,,,,,,,,3,2,계단식,94,5.0,5.0,https://new.land.naver.com/complexes/120669?tab=detail&rf=Y,충청북도 청주시 서원구 모충동 487-4,충청북도,청주시,서원구,모충동,,충청북도 청주시 서원구 모충로96번길 52-7,0.0,0,0,0.0,0.0
[모충동],120669,2,원당맨션,1990.06.,40.0,31.5,104.16,24.12,79.74,5,,,,,,,,,3,2,계단식,104A,5.0,5.0,https://new.land.naver.com/complexes/120669?tab=detail&rf=Y,충청북도 청주시 서원구 모충동 487-4,충청북도,청주시,서원구,모충동,,충청북도 청주시 서원구 모충로96번길 52-7,0.0,0,0,0.0,0.0
[모충동],120669,3,원당맨션,1990.06.,40.0,32.24,106.59,24.68,81.6,8,,,,,,,,,3,2,계단식,106D,5.0,5.0,https://new.land.naver.com/complexes/120669?tab=detail&rf=Y,충청북도 청주시 서원구 모충동 487-4,충청북도,청주시,서원구,모충동,,충청북도 청주시 서원구 모충로96번길 52-7,0.0,0,0,0.0,0.0
[모충동],120669,4,원당맨션,1990.06.,40.0,32.07,106.04,24.55,81.18,5,,,,,,,,,3,2,계단식,106C,5.0,5.0,https://new.land.naver.com/complexes/120669?tab=detail&rf=Y,충청북도 청주시 서원구 모충동 487-4,충청북도,청주시,서원구,모충동,,충청북도 청주시 서원구 모충로96번길 52-7,0.0,0,0,0.0,0.0
[모충동],120669,5,원당맨션,1990.06.,40.0,32.08,106.05,24.52,81.06,2,,,,,,,,,3,2,계단식,106B,5.0,5.0,https://new.land.naver.com/complexes/120669?tab=detail&rf=Y,충청북도 청주시 서원구 모충동 487-4,충청북도,청주시,서원구,모충동,,충청북도 청주시 서원구 모충로96번길 52-7,0.0,0,0,0.0,0.0
[모충동],120669,6,원당맨션,1990.06.,40.0,33.11,109.46,25.34,83.79,10,,,,,,,,,3,2,계단식,109A,5.0,5.0,https://new.land.naver.com/complexes/120669?tab=detail&rf=Y,충청북도 청주시 서원구 모충동 487-4,충청북도,청주시,서원구,모충동,,충청북도 청주시 서원구 모충로96번길 52-7,0.0,0,0,0.0,0.0
[모충동],120669,7,원당맨션,1990.06.,40.0,33.21,109.81,25.42,84.06,5,,,,,,,,,3,2,계단식,109B,5.0,5.0,https://new.land.naver.com/complexes/120669?tab=detail&rf=Y,충청북도 청주시 서원구 모충동 487-4,충청북도,청주시,서원구,모충동,,충청북도 청주시 서원구 모충로96번길 52-7,0.0,0,0,0.0,0.0
[모충동],127744,1,청주모충LH트릴로채,2021.11.,1692.0,25.97,85.88,18.07,59.76,29,,,,,,,,,3,2,계단식,85B,29.0,12.0,https://new.land.naver.com/complexes/127744?tab=detail&rf=Y,충청북도 청주시 서원구 모충동 335-175번지 일원,충청북도,청주시,서원구,모충동,,충청북도 청주시 서원구,412.0,195,17,0.0,0.0
[모충동],127744,2,청주모충LH트릴로채,2021.11.,1692.0,26.06,86.17,18.13,59.96,141,,,,,,,,,3,2,계단식,86A,29.0,12.0,https://new.land.naver.com/complexes/127744?tab=detail&rf=Y,충청북도 청주시 서원구 모충동 335-175번지 일원,충청북도,청주시,서원구,모충동,,충청북도 청주시 서원구,412.0,195,17,0.0,0.0
[모충동],127744,3,청주모충LH트릴로채,2021.11.,1692.0,29.9,98.87,22.61,74.77,423,,,,,,,,,3,2,계단식,98A,29.0,12.0,https://new.land.naver.com/complexes/127744?tab=detail&rf=Y,충청북도 청주시 서원구 모충동 335-175번지 일원,충청북도,청주시,서원구,모충동,,충청북도 청주시 서원구,412.0,195,17,0.0,0.0
[모충동],127744,4,청주모충LH트릴로채,2021.11.,1692.0,29.94,98.98,22.64,74.85,56,,,,,,,,,3,2,계단식,98B,29.0,12.0,https://new.land.naver.com/complexes/127744?tab=detail&rf=Y,충청북도 청주시 서원구 모충동 335-175번지 일원,충청북도,청주시,서원구,모충동,,충청북도 청주시 서원구,412.0,195,17,0.0,0.0
[모충동],127744,5,청주모충LH트릴로채,2021.11.,1692.0,29.95,99.03,22.65,74.89,48,,,,,,,,,3,2,계단식,99C,29.0,12.0,https://new.land.naver.com/complexes/127744?tab=detail&rf=Y,충청북도 청주시 서원구 모충동 335-175번지 일원,충청북도,청주시,서원구,모충동,,충청북도 청주시 서원구,412.0,195,17,0.0,0.0
[모충동],127744,6,청주모충LH트릴로채,2021.11.,1692.0,33.6,111.09,25.67,84.88,489,,,,,,,,,3,2,계단식,111A,29.0,12.0,https://new.land.naver.com/complexes/127744?tab=detail&rf=Y,충청북도 청주시 서원구 모충동 335-175번지 일원,충청북도,청주시,서원구,모충동,,충청북도 청주시 서원구,412.0,195,17,0.0,0.0
[모충동],127744,7,청주모충LH트릴로채,2021.11.,1692.0,33.59,111.06,25.66,84.85,94,,,,,,,,,3,2,계단식,111B,29.0,12.0,https://new.land.naver.com/complexes/127744?tab=detail&rf=Y,충청북도 청주시 서원구 모충동 335-175번지 일원,충청북도,청주시,서원구,모충동,,충청북도 청주시 서원구,412.0,195,17,0.0,0.0
[모충동],7295,1,두산한솔,1994.10.,392.0,23.84,78.84,18.15,60.0,178,,,,,,,,,3,1,계단식,78,15.0,8.0,https://new.land.naver.com/complexes/7295?tab=detail&rf=Y,충청북도 청주시 서원구 모충동 473,충청북도,청주시,서원구,모충동,,충청북도 청주시 서원구 모충로124번길 53,0.0,0,0,429.0,1.09
[모충동],7295,2,두산한솔,1994.10.,392.0,31.84,105.28,25.7,84.99,124,,,,,,,,,3,2,계단식,105,15.0,8.0,https://new.land.naver.com/complexes/7295?tab=detail&rf=Y,충청북도 청주시 서원구 모충동 473,충청북도,청주시,서원구,모충동,,충청북도 청주시 서원구 모충로124번길 53,0.0,0,0,429.0,1.09
[모충동],7295,3,두산한솔,1994.10.,392.0,36.71,121.36,30.24,99.97,90,,,,,,,,,3,2,계단식,121,15.0,8.0,https://new.land.naver.com/complexes/7295?tab=detail&rf=Y,충청북도 청주시 서원구 모충동 473,충청북도,청주시,서원구,모충동,,충청북도 청주시 서원구 모충로124번길 53,0.0,0,0,429.0,1.09
[모충동],129009,1,보영,1991.12.,30.0,13.48,44.59,10.2,33.72,5,,,,,,,,,1,1,계단식,44,5.0,5.0,https://new.land.naver.com/complexes/129009?tab=detail&rf=Y,충청북도 청주시 서원구 모충동 439-2,충청북도,청주시,서원구,모충동,,충청북도 청주시 서원구 창직로96번길 25,0.0,0,0,0.0,0.0
[모충동],129009,2,보영,1991.12.,30.0,15.68,51.86,11.86,39.22,5,,,,,,,,,2,1,계단식,51,5.0,5.0,https://new.land.naver.com/complexes/129009?tab=detail&rf=Y,충청북도 청주시 서원구 모충동 439-2,충청북도,청주시,서원구,모충동,,충청북도 청주시 서원구 창직로96번길 25,0.0,0,0,0.0,0.0
[모충동],129009,3,보영,1991.12.,30.0,17.51,57.91,13.24,43.8,10,,,,,,,,,2,1,계단식,57A,5.0,5.0,https://new.land.naver.com/complexes/129009?tab=detail&rf=Y,충청북도 청주시 서원구 모충동 439-2,충청북도,청주시,서원구,모충동,,충청북도 청주시 서원구 창직로96번길 25,0.0,0,0,0.0,0.0
[모충동],129009,4,보영,1991.12.,30.0,17.9,59.19,13.53,44.76,5,,,,,,,,,2,1,계단식,59B,5.0,5.0,https://new.land.naver.com/complexes/129009?tab=detail&rf=Y,충청북도 청주시 서원구 모충동 439-2,충청북도,청주시,서원구,모충동,,충청북도 청주시 서원구 창직로96번길 25,0.0,0,0,0.0,0.0
[모충동],129009,5,보영,1991.12.,30.0,21.16,69.98,16.0,52.92,5,,,,,,,,,3,1,계단식,69,5.0,5.0,https://new.land.naver.com/complexes/129009?tab=detail&rf=Y,충청북도 청주시 서원구 모충동 439-2,충청북도,청주시,서원구,모충동,,충청북도 청주시 서원구 창직로96번길 25,0.0,0,0,0.0,0.0
[모충동],7292,1,금호타운,1995.02.,418.0,27.62,91.33,22.12,73.13,90,,,,,,,,,3,2,계단식,91,15.0,10.0,https://new.land.naver.com/complexes/7292?tab=detail&rf=Y,충청북도 청주시 서원구 모충동 492,충청북도,청주시,서원구,모충동,,충청북도 청주시 서원구 쌍샘로107번길 12,0.0,0,0,418.0,1.0
[모충동],7292,2,금호타운,1995.02.,418.0,31.08,102.75,25.27,83.54,328,,,,,,,,,3,2,계단식,102,15.0,10.0,https://new.land.naver.com/complexes/7292?tab=detail&rf=Y,충청북도 청주시 서원구 모충동 492,충청북도,청주시,서원구,모충동,,충청북도 청주시 서원구 쌍샘로107번길 12,0.0,0,0,418.0,1.0
[모충동],7309,1,주공2단지,1989.08.,640.0,14.96,49.48,11.88,39.3,130,,,,,,,,,2,1,계단식,49A,5.0,5.0,https://new.land.naver.com/complexes/7309?tab=detail&rf=Y,충청북도 청주시 서원구 모충동 516,충청북도,청주시,서원구,모충동,,충청북도 청주시 서원구 모충로 61,0.0,0,0,448.0,0.7
[모충동],7309,2,주공2단지,1989.08.,640.0,15.09,49.91,12.0,39.69,100,,,,,,,,,2,1,계단식,49B,5.0,5.0,https://new.land.naver.com/complexes/7309?tab=detail&rf=Y,충청북도 청주시 서원구 모충동 516,충청북도,청주시,서원구,모충동,,충청북도 청주시 서원구 모충로 61,0.0,0,0,448.0,0.7
[모충동],7309,3,주공2단지,1989.08.,640.0,18.92,62.56,15.43,51.02,227,,,,,,,,,2,1,계단식,62,5.0,5.0,https://new.land.naver.com/complexes/7309?tab=detail&rf=Y,충청북도 청주시 서원구 모충동 516,충청북도,청주시,서원구,모충동,,충청북도 청주시 서원구 모충로 61,0.0,0,0,448.0,0.7
[모충동],7309,4,주공2단지,1989.08.,640.0,21.92,72.49,17.88,59.12,183,,,,,,,,,3,1,계단식,72,5.0,5.0,https://new.land.naver.com/complexes/7309?tab=detail&rf=Y,충청북도 청주시 서원구 모충동 516,충청북도,청주시,서원구,모충동,,충청북도 청주시 서원구 모충로 61,0.0,0,0,448.0,0.7
[모충동],115030,1,세진,1986.11.,35.0,19.76,65.34,18.13,59.94,25,,,,,,,,,2,1,계단식,65,5.0,5.0,https://new.land.naver.com/complexes/115030?tab=detail&rf=Y,충청북도 청주시 서원구 모충동 387-1,충청북도,청주시,서원구,모충동,,충청북도 청주시 서원구 쌍샘로 56,0.0,0,0,0.0,0.0
[모충동],115030,2,세진,1986.11.,35.0,20.66,68.31,19.03,62.91,5,,,,,,,,,2,1,계단식,68,5.0,5.0,https://new.land.naver.com/complexes/115030?tab=detail&rf=Y,충청북도 청주시 서원구 모충동 387-1,충청북도,청주시,서원구,모충동,,충청북도 청주시 서원구 쌍샘로 56,0.0,0,0,0.0,0.0
[모충동],115030,3,세진,1986.11.,35.0,23.35,77.22,19.54,64.62,5,,,,,,,,,3,1,계단식,77,5.0,5.0,https://new.land.naver.com/complexes/115030?tab=detail&rf=Y,충청북도 청주시 서원구 모충동 387-1,충청북도,청주시,서원구,모충동,,충청북도 청주시 서원구 쌍샘로 56,0.0,0,0,0.0,0.0
[분평동],13988,1,보성,1992.12.,155.0,28.8,95.22,25.69,84.93,96,,,,,,,,,3,2,계단식,95,14.0,8.0,https://new.land.naver.com/complexes/13988?tab=detail&rf=Y,충청북도 청주시 서원구 분평동 301-2,충청북도,청주시,서원구,분평동,,충청북도 청주시 서원구 매봉로2번길 55,0.0,0,0,0.0,0.0
[분평동],13988,2,보성,1992.12.,155.0,41.78,138.14,38.47,127.2,39,,,,,,,,,4,2,계단식,138,14.0,8.0,https://new.land.naver.com/complexes/13988?tab=detail&rf=Y,충청북도 청주시 서원구 분평동 301-2,충청북도,청주시,서원구,분평동,,충청북도 청주시 서원구 매봉로2번길 55,0.0,0,0,0.0,0.0
[분평동],13988,3,보성,1992.12.,155.0,50.74,167.75,47.41,156.74,20,,,,,,,,,4,2,계단식,167,14.0,8.0,https://new.land.naver.com/complexes/13988?tab=detail&rf=Y,충청북도 청주시 서원구 분평동 301-2,충청북도,청주시,서원구,분평동,,충청북도 청주시 서원구 매봉로2번길 55,0.0,0,0,0.0,0.0
[분평동],102106,1,대승스카이빌,2001.06.,306.0,15.32,50.66,10.55,34.88,306,,,,,,,,,2,1,계단식,50,15.0,15.0,https://new.land.naver.com/complexes/102106?tab=detail&rf=Y,충청북도 청주시 서원구 분평동 275-1,충청북도,청주시,서원구,분평동,,충청북도 청주시 서원구 안뜸로12번길 13,0.0,0,0,0.0,0.0
[분평동],7487,1,주공2단지,1997.06.,1310.0,17.49,57.84,12.0,39.69,120,,,,,,,,,2,1,복도식,57,20.0,15.0,https://new.land.naver.com/complexes/7487?tab=detail&rf=Y,충청북도 청주시 서원구 분평동 1202,충청북도,청주시,서원구,분평동,,충청북도 청주시 서원구 1순환로1137번길 129,0.0,0,0,793.0,0.61
[분평동],7487,2,주공2단지,1997.06.,1310.0,21.51,71.12,15.05,49.77,120,,,,,,,,,2,1,복도식,71,20.0,15.0,https://new.land.naver.com/complexes/7487?tab=detail&rf=Y,충청북도 청주시 서원구 분평동 1202,충청북도,청주시,서원구,분평동,,충청북도 청주시 서원구 1순환로1137번길 129,0.0,0,0,793.0,0.61
[분평동],7487,3,주공2단지,1997.06.,1310.0,23.21,76.74,18.06,59.71,390,,,,,,,,,3,1,계단식,76,20.0,15.0,https://new.land.naver.com/complexes/7487?tab=detail&rf=Y,충청북도 청주시 서원구 분평동 1202,충청북도,청주시,서원구,분평동,,충청북도 청주시 서원구 1순환로1137번길 129,0.0,0,0,793.0,0.61
[분평동],7487,4,주공2단지,1997.06.,1310.0,24.59,81.31,18.14,59.99,680,,,,,,,,,3,1,계단식,81,20.0,15.0,https://new.land.naver.com/complexes/7487?tab=detail&rf=Y,충청북도 청주시 서원구 분평동 1202,충청북도,청주시,서원구,분평동,,충청북도 청주시 서원구 1순환로1137번길 129,0.0,0,0,793.0,0.61
[분평동],7516,1,주공6단지,1999.09.,1120.0,32.31,106.83,25.51,84.34,1094,,,,,,,,,3,2,계단식,106,20.0,15.0,https://new.land.naver.com/complexes/7516?tab=detail&rf=Y,충청북도 청주시 서원구 분평동 1366,충청북도,청주시,서원구,분평동,,충청북도 청주시 서원구 1순환로1137번길 19,0.0,221,19,1196.0,1.07
[분평동],7516,2,주공6단지,1999.09.,1120.0,33.17,109.67,25.55,84.49,23,,,,,,,,,3,2,계단식,109B,20.0,15.0,https://new.land.naver.com/complexes/7516?tab=detail&rf=Y,충청북도 청주시 서원구 분평동 1366,충청북도,청주시,서원구,분평동,,충청북도 청주시 서원구 1순환로1137번길 19,0.0,221,19,1196.0,1.07
[분평동],7516,3,주공6단지,1999.09.,1120.0,33.13,109.53,25.53,84.4,3,,,,,,,,,3,2,계단식,109A,20.0,15.0,https://new.land.naver.com/complexes/7516?tab=detail&rf=Y,충청북도 청주시 서원구 분평동 1366,충청북도,청주시,서원구,분평동,,충청북도 청주시 서원구 1순환로1137번길 19,0.0,221,19,1196.0,1.07
[분평동],23894,1,청주분평뜨란채1단지,2000.10.,982.0,20.63,68.23,14.89,49.24,143,,,,,,,,,2,1,계단식,68A,20.0,14.0,https://new.land.naver.com/complexes/23894?tab=detail&rf=Y,충청북도 청주시 서원구 분평동 1211,충청북도,청주시,서원구,분평동,,충청북도 청주시 서원구 월평로 25,0.0,215,16,721.0,0.73
[분평동],23894,2,청주분평뜨란채1단지,2000.10.,982.0,20.65,68.27,14.9,49.27,83,,,,,,,,,2,1,계단식,68B,20.0,14.0,https://new.land.naver.com/complexes/23894?tab=detail&rf=Y,충청북도 청주시 서원구 분평동 1211,충청북도,청주시,서원구,분평동,,충청북도 청주시 서원구 월평로 25,0.0,215,16,721.0,0.73
[분평동],23894,3,청주분평뜨란채1단지,2000.10.,982.0,20.68,68.39,14.93,49.36,22,,,,,,,,,2,1,계단식,68C,20.0,14.0,https://new.land.naver.com/complexes/23894?tab=detail&rf=Y,충청북도 청주시 서원구 분평동 1211,충청북도,청주시,서원구,분평동,,충청북도 청주시 서원구 월평로 25,0.0,215,16,721.0,0.73
[분평동],23894,4,청주분평뜨란채1단지,2000.10.,982.0,20.87,69.02,15.06,49.81,28,,,,,,,,,2,1,계단식,69D,20.0,14.0,https://new.land.naver.com/complexes/23894?tab=detail&rf=Y,충청북도 청주시 서원구 분평동 1211,충청북도,청주시,서원구,분평동,,충청북도 청주시 서원구 월평로 25,0.0,215,16,721.0,0.73
[분평동],23894,5,청주분평뜨란채1단지,2000.10.,982.0,24.91,82.38,17.98,59.45,356,,,,,,,,,3,1,계단식,82B,20.0,14.0,https://new.land.naver.com/complexes/23894?tab=detail&rf=Y,충청북도 청주시 서원구 분평동 1211,충청북도,청주시,서원구,분평동,,충청북도 청주시 서원구 월평로 25,0.0,215,16,721.0,0.73
[분평동],23894,6,청주분평뜨란채1단지,2000.10.,982.0,24.91,82.38,17.98,59.45,168,,,,,,,,,3,1,계단식,82A,20.0,14.0,https://new.land.naver.com/complexes/23894?tab=detail&rf=Y,충청북도 청주시 서원구 분평동 1211,충청북도,청주시,서원구,분평동,,충청북도 청주시 서원구 월평로 25,0.0,215,16,721.0,0.73
[분평동],23894,7,청주분평뜨란채1단지,2000.10.,982.0,24.91,82.38,17.98,59.45,91,,,,,,,,,3,1,계단식,82C,20.0,14.0,https://new.land.naver.com/complexes/23894?tab=detail&rf=Y,충청북도 청주시 서원구 분평동 1211,충청북도,청주시,서원구,분평동,,충청북도 청주시 서원구 월평로 25,0.0,215,16,721.0,0.73
[분평동],23894,8,청주분평뜨란채1단지,2000.10.,982.0,24.85,82.16,17.93,59.29,91,,,,,,,,,3,1,계단식,82D,20.0,14.0,https://new.land.naver.com/complexes/23894?tab=detail&rf=Y,충청북도 청주시 서원구 분평동 1211,충청북도,청주시,서원구,분평동,,충청북도 청주시 서원구 월평로 25,0.0,215,16,721.0,0.73
[분평동],26495,1,분평계룡리슈빌2단지,2008.07.,150.0,39.48,130.54,29.88,98.78,120,,,,,,,,,3,2,계단식,130,15.0,15.0,https://new.land.naver.com/complexes/26495?tab=detail&rf=Y,충청북도 청주시 서원구 분평동 262,충청북도,청주시,서원구,분평동,,충청북도 청주시 서원구 매봉로 28,0.0,218,19,224.0,1.49
[분평동],26495,2,분평계룡리슈빌2단지,2008.07.,150.0,51.36,169.8,42.51,140.53,30,,,,,,,,,4,2,계단식,169,15.0,15.0,https://new.land.naver.com/complexes/26495?tab=detail&rf=Y,충청북도 청주시 서원구 분평동 262,충청북도,청주시,서원구,분평동,,충청북도 청주시 서원구 매봉로 28,0.0,218,19,224.0,1.49
[분평동],7513,1,대원,2000.10.,731.0,25.04,82.8,18.13,59.94,390,,,,,,,,,3,2,계단식,82B,15.0,11.0,https://new.land.naver.com/complexes/7513?tab=detail&rf=Y,충청북도 청주시 서원구 분평동 1255,충청북도,청주시,서원구,분평동,,충청북도 청주시 서원구 1순환로1137번길 83,0.0,228,20,1326.0,1.81
[분평동],7513,2,대원,2000.10.,731.0,25.02,82.74,18.06,59.72,341,,,,,,,,,3,1,계단식,82A,15.0,11.0,https://new.land.naver.com/complexes/7513?tab=detail&rf=Y,충청북도 청주시 서원구 분평동 1255,충청북도,청주시,서원구,분평동,,충청북도 청주시 서원구 1순환로1137번길 83,0.0,228,20,1326.0,1.81
[분평동],7511,1,현대대우,1999.07.,1179.0,31.5,104.14,25.69,84.95,485,,,,,,,,,3,2,계단식,104,25.0,18.0,https://new.land.naver.com/complexes/7511?tab=detail&rf=Y,충청북도 청주시 서원구 분평동 1249,충청북도,청주시,서원구,분평동,,충청북도 청주시 서원구 월평로 24,0.0,242,16,1557.0,1.32
[분평동],7511,2,현대대우,1999.07.,1179.0,36.92,122.05,30.04,99.33,334,,,,,,,,,3,2,계단식,122A,25.0,18.0,https://new.land.naver.com/complexes/7511?tab=detail&rf=Y,충청북도 청주시 서원구 분평동 1249,충청북도,청주시,서원구,분평동,,충청북도 청주시 서원구 월평로 24,0.0,242,16,1557.0,1.32
[분평동],7511,3,현대대우,1999.07.,1179.0,37.19,122.96,30.21,99.88,100,,,,,,,,,4,2,계단식,122B,25.0,18.0,https://new.land.naver.com/complexes/7511?tab=detail&rf=Y,충청북도 청주시 서원구 분평동 1249,충청북도,청주시,서원구,분평동,,충청북도 청주시 서원구 월평로 24,0.0,242,16,1557.0,1.32
[분평동],7511,4,현대대우,1999.07.,1179.0,48.38,159.94,40.72,134.64,179,,,,,,,,,4,2,계단식,159B,25.0,18.0,https://new.land.naver.com/complexes/7511?tab=detail&rf=Y,충청북도 청주시 서원구 분평동 1249,충청북도,청주시,서원구,분평동,,충청북도 청주시 서원구 월평로 24,0.0,242,16,1557.0,1.32
[분평동],7511,5,현대대우,1999.07.,1179.0,48.39,159.97,40.72,134.62,1,,,,,,,,,3,2,계단식,159A,25.0,18.0,https://new.land.naver.com/complexes/7511?tab=detail&rf=Y,충청북도 청주시 서원구 분평동 1249,충청북도,청주시,서원구,분평동,,충청북도 청주시 서원구 월평로 24,0.0,242,16,1557.0,1.32
[분평동],7511,6,현대대우,1999.07.,1179.0,62.81,207.64,54.94,181.62,80,,,,,,,,,5,2,계단식,207,25.0,18.0,https://new.land.naver.com/complexes/7511?tab=detail&rf=Y,충청북도 청주시 서원구 분평동 1249,충청북도,청주시,서원구,분평동,,충청북도 청주시 서원구 월평로 24,0.0,242,16,1557.0,1.32
[분평동],7485,1,우성2차,1990.11.,388.0,31.96,105.67,25.69,84.95,268,,,,,,,,,3,2,계단식,105,15.0,10.0,https://new.land.naver.com/complexes/7485?tab=detail&rf=Y,충청북도 청주시 서원구 분평동 237,충청북도,청주시,서원구,분평동,,충청북도 청주시 서원구 청남로2005번길 45,0.0,220,33,0.0,0.0
[분평동],7485,2,우성2차,1990.11.,388.0,46.27,152.97,38.48,127.22,72,,,,,,,,,4,2,계단식,152,15.0,10.0,https://new.land.naver.com/complexes/7485?tab=detail&rf=Y,충청북도 청주시 서원구 분평동 237,충청북도,청주시,서원구,분평동,,충청북도 청주시 서원구 청남로2005번길 45,0.0,220,33,0.0,0.0
[분평동],7485,3,우성2차,1990.11.,388.0,56.56,186.98,47.41,156.76,48,,,,,,,,,5,2,계단식,186,15.0,10.0,https://new.land.naver.com/complexes/7485?tab=detail&rf=Y,충청북도 청주시 서원구 분평동 237,충청북도,청주시,서원구,분평동,,충청북도 청주시 서원구 청남로2005번길 45,0.0,220,33,0.0,0.0
[분평동],7500,1,주공5단지,1998.02.,1350.0,17.07,56.44,12.0,39.69,180,,,,,,,,,2,1,복도식,56,15.0,15.0,https://new.land.naver.com/complexes/7500?tab=detail&rf=Y,충청북도 청주시 서원구 분평동 1360,충청북도,청주시,서원구,분평동,,충청북도 청주시 서원구 분평로 88-1,0.0,202,18,853.0,0.63
[분평동],7500,2,주공5단지,1998.02.,1350.0,21.08,69.69,15.05,49.77,510,,,,,,,,,2,1,복도식,69,15.0,15.0,https://new.land.naver.com/complexes/7500?tab=detail&rf=Y,충청북도 청주시 서원구 분평동 1360,충청북도,청주시,서원구,분평동,,충청북도 청주시 서원구 분평로 88-1,0.0,202,18,853.0,0.63
[분평동],7500,3,주공5단지,1998.02.,1350.0,23.21,76.73,18.06,59.71,660,,,,,,,,,3,1,계단식,76,15.0,15.0,https://new.land.naver.com/complexes/7500?tab=detail&rf=Y,충청북도 청주시 서원구 분평동 1360,충청북도,청주시,서원구,분평동,,충청북도 청주시 서원구 분평로 88-1,0.0,202,18,853.0,0.63
[분평동],7498,1,주공4단지,1999.06.,1314.0,17.01,56.26,12.0,39.69,150,,,,,,,,,2,1,계단식,56,20.0,15.0,https://new.land.naver.com/complexes/7498?tab=detail&rf=Y,충청북도 청주시 서원구 분평동 1261,충청북도,청주시,서원구,분평동,,충청북도 청주시 서원구 1순환로1137번길 80,0.0,453,0,482.0,0.37
[분평동],7498,2,주공4단지,1999.06.,1314.0,20.54,67.91,15.05,49.76,221,,,,,,,,,2,1,계단식,67,20.0,15.0,https://new.land.naver.com/complexes/7498?tab=detail&rf=Y,충청북도 청주시 서원구 분평동 1261,충청북도,청주시,서원구,분평동,,충청북도 청주시 서원구 1순환로1137번길 80,0.0,453,0,482.0,0.37
[분평동],7498,3,주공4단지,1999.06.,1314.0,21.51,71.12,15.05,49.77,480,,,,,,,,,2,1,계단식,71,20.0,15.0,https://new.land.naver.com/complexes/7498?tab=detail&rf=Y,충청북도 청주시 서원구 분평동 1261,충청북도,청주시,서원구,분평동,,충청북도 청주시 서원구 1순환로1137번길 80,0.0,453,0,482.0,0.37
[분평동],7498,4,주공4단지,1999.06.,1314.0,24.76,81.87,18.14,59.99,463,,,,,,,,,3,1,계단식,81,20.0,15.0,https://new.land.naver.com/complexes/7498?tab=detail&rf=Y,충청북도 청주시 서원구 분평동 1261,충청북도,청주시,서원구,분평동,,충청북도 청주시 서원구 1순환로1137번길 80,0.0,453,0,482.0,0.37
[분평동],11644,1,주은프레지던트,2001.11.,620.0,34.01,112.46,25.65,84.82,300,,,,,,,,,3,2,계단식,112,25.0,15.0,https://new.land.naver.com/complexes/11644?tab=detail&rf=Y,충청북도 청주시 서원구 분평동 1255,충청북도,청주시,서원구,분평동,,충청북도 청주시 서원구 1순환로1137번길 79,0.0,228,20,1326.0,2.14
[분평동],11644,2,주은프레지던트,2001.11.,620.0,44.97,148.68,35.29,116.69,120,,,,,,,,,4,2,계단식,148,25.0,15.0,https://new.land.naver.com/complexes/11644?tab=detail&rf=Y,충청북도 청주시 서원구 분평동 1255,충청북도,청주시,서원구,분평동,,충청북도 청주시 서원구 1순환로1137번길 79,0.0,228,20,1326.0,2.14
[분평동],11644,3,주은프레지던트,2001.11.,620.0,53.18,175.83,41.59,137.5,200,,,,,,,,,4,2,계단식,175,25.0,15.0,https://new.land.naver.com/complexes/11644?tab=detail&rf=Y,충청북도 청주시 서원구 분평동 1255,충청북도,청주시,서원구,분평동,,충청북도 청주시 서원구 1순환로1137번길 79,0.0,228,20,1326.0,2.14
[분평동],7493,1,주공3단지,1997.06.,1330.0,17.07,56.44,12.0,39.69,90,,,,,,,,,2,1,복도식,56,20.0,15.0,https://new.land.naver.com/complexes/7493?tab=detail&rf=Y,충청북도 청주시 서원구 분평동 1200,충청북도,청주시,서원구,분평동,,충청북도 청주시 서원구 1순환로1137번길 130,0.0,0,0,810.0,0.61
[분평동],7493,2,주공3단지,1997.06.,1330.0,21.08,69.69,15.05,49.77,90,,,,,,,,,2,1,계단식,69,20.0,15.0,https://new.land.naver.com/complexes/7493?tab=detail&rf=Y,충청북도 청주시 서원구 분평동 1200,충청북도,청주시,서원구,분평동,,충청북도 청주시 서원구 1순환로1137번길 130,0.0,0,0,810.0,0.61
[분평동],7493,3,주공3단지,1997.06.,1330.0,21.51,71.12,15.05,49.77,240,,,,,,,,,2,1,복도식,71A,20.0,15.0,https://new.land.naver.com/complexes/7493?tab=detail&rf=Y,충청북도 청주시 서원구 분평동 1200,충청북도,청주시,서원구,분평동,,충청북도 청주시 서원구 1순환로1137번길 130,0.0,0,0,810.0,0.61
[분평동],7493,4,주공3단지,1997.06.,1330.0,22.07,72.96,15.05,49.77,60,,,,,,,,,2,1,복도식,72B,20.0,15.0,https://new.land.naver.com/complexes/7493?tab=detail&rf=Y,충청북도 청주시 서원구 분평동 1200,충청북도,청주시,서원구,분평동,,충청북도 청주시 서원구 1순환로1137번길 130,0.0,0,0,810.0,0.61
[분평동],7493,5,주공3단지,1997.06.,1330.0,23.21,76.74,18.06,59.71,330,,,,,,,,,3,1,계단식,76,20.0,15.0,https://new.land.naver.com/complexes/7493?tab=detail&rf=Y,충청북도 청주시 서원구 분평동 1200,충청북도,청주시,서원구,분평동,,충청북도 청주시 서원구 1순환로1137번길 130,0.0,0,0,810.0,0.61
[분평동],7493,6,주공3단지,1997.06.,1330.0,24.59,81.31,18.14,59.99,520,,,,,,,,,3,1,계단식,81,20.0,15.0,https://new.land.naver.com/complexes/7493?tab=detail&rf=Y,충청북도 청주시 서원구 분평동 1200,충청북도,청주시,서원구,분평동,,충청북도 청주시 서원구 1순환로1137번길 130,0.0,0,0,810.0,0.61
[분평동],12032,1,우성1차,1990.10.,412.0,28.56,94.42,23.05,76.2,154,,,,,,,,,3,1,계단식,94,15.0,12.0,https://new.land.naver.com/complexes/12032?tab=detail&rf=Y,충청북도 청주시 서원구 분평동 320,충청북도,청주시,서원구,분평동,,충청북도 청주시 서원구 1순환로1013번길 10,0.0,0,0,0.0,0.0
[분평동],12032,2,우성1차,1990.10.,412.0,31.83,105.25,25.69,84.95,232,,,,,,,,,3,2,계단식,105,15.0,12.0,https://new.land.naver.com/complexes/12032?tab=detail&rf=Y,충청북도 청주시 서원구 분평동 320,충청북도,청주시,서원구,분평동,,충청북도 청주시 서원구 1순환로1013번길 10,0.0,0,0,0.0,0.0
[분평동],12032,3,우성1차,1990.10.,412.0,47.67,157.61,38.48,127.22,26,,,,,,,,,4,2,계단식,157,15.0,12.0,https://new.land.naver.com/complexes/12032?tab=detail&rf=Y,충청북도 청주시 서원구 분평동 320,충청북도,청주시,서원구,분평동,,충청북도 청주시 서원구 1순환로1013번길 10,0.0,0,0,0.0,0.0
[분평동],11630,1,럭키,1992.11.,156.0,28.41,93.95,23.6,78.02,74,,,,,,,,,3,2,계단식,93,15.0,6.0,https://new.land.naver.com/complexes/11630?tab=detail&rf=Y,충청북도 청주시 서원구 분평동 252-42,충청북도,청주시,서원구,분평동,,충청북도 청주시 서원구 안뜸로39번길 5-1,0.0,0,0,0.0,0.0
[분평동],11630,2,럭키,1992.11.,156.0,30.75,101.66,25.67,84.89,82,,,,,,,,,3,2,계단식,101,15.0,6.0,https://new.land.naver.com/complexes/11630?tab=detail&rf=Y,충청북도 청주시 서원구 분평동 252-42,충청북도,청주시,서원구,분평동,,충청북도 청주시 서원구 안뜸로39번길 5-1,0.0,0,0,0.0,0.0
[분평동],26496,1,분평계룡리슈빌,2008.07.,173.0,39.94,132.05,29.88,98.78,28,,,,,,,,,3,2,계단식,132,15.0,12.0,https://new.land.naver.com/complexes/26496?tab=detail&rf=Y,충청북도 청주시 서원구 분평동 274,충청북도,청주시,서원구,분평동,,충청북도 청주시 서원구 매봉로 26-1,0.0,209,19,338.0,1.95
[분평동],26496,2,분평계룡리슈빌,2008.07.,173.0,49.76,164.5,40.75,134.72,86,,,,,,,,,4,2,계단식,164,15.0,12.0,https://new.land.naver.com/complexes/26496?tab=detail&rf=Y,충청북도 청주시 서원구 분평동 274,충청북도,청주시,서원구,분평동,,충청북도 청주시 서원구 매봉로 26-1,0.0,209,19,338.0,1.95
[분평동],26496,3,분평계룡리슈빌,2008.07.,173.0,59.72,197.44,50.44,166.76,59,,,,,,,,,4,2,계단식,197,15.0,12.0,https://new.land.naver.com/complexes/26496?tab=detail&rf=Y,충청북도 청주시 서원구 분평동 274,충청북도,청주시,서원구,분평동,,충청북도 청주시 서원구 매봉로 26-1,0.0,209,19,338.0,1.95
[분평동],7510,1,주공7단지,1997.12.,930.0,31.41,103.84,25.67,84.87,15,,,,,,,,,3,2,계단식,103,15.0,15.0,https://new.land.naver.com/complexes/7510?tab=detail&rf=Y,충청북도 청주시 서원구 분평동 1386,충청북도,청주시,서원구,분평동,,충청북도 청주시 서원구 분평로 18,0.0,0,0,0.0,0.0
[분평동],7510,2,주공7단지,1997.12.,930.0,31.53,104.24,25.68,84.9,915,,,,,,,,,3,2,계단식,104,15.0,15.0,https://new.land.naver.com/complexes/7510?tab=detail&rf=Y,충청북도 청주시 서원구 분평동 1386,충청북도,청주시,서원구,분평동,,충청북도 청주시 서원구 분평로 18,0.0,0,0,0.0,0.0
[사직동],15466,1,평화,1985.11.,130.0,26.78,88.54,23.88,78.96,70,,,,,,,,,3,1,계단식,88,5.0,5.0,https://new.land.naver.com/complexes/15466?tab=detail&rf=Y,충청북도 청주시 서원구 사직동 238-45,충청북도,청주시,서원구,사직동,,충청북도 청주시 서원구 직지대로772번길 14,0.0,0,0,0.0,0.0
[사직동],15466,2,평화,1985.11.,130.0,28.68,94.82,25.68,84.9,60,,,,,,,,,3,1,계단식,94,5.0,5.0,https://new.land.naver.com/complexes/15466?tab=detail&rf=Y,충청북도 청주시 서원구 사직동 238-45,충청북도,청주시,서원구,사직동,,충청북도 청주시 서원구 직지대로772번길 14,0.0,0,0,0.0,0.0
[사직동],106825,1,푸르지오캐슬5단지,2010.11.,548.0,28.68,94.84,21.86,72.28,196,,,,,,,,,3,2,계단식,94,25.0,18.0,https://new.land.naver.com/complexes/106825?tab=detail&rf=Y,충청북도 청주시 서원구 사직동 934,충청북도,청주시,서원구,사직동,,충청북도 청주시 서원구 예체로 30,0.0,245,14,844.0,1.54
[사직동],106825,2,푸르지오캐슬5단지,2010.11.,548.0,40.19,132.88,31.47,104.04,246,,,,,,,,,3,2,계단식,132,25.0,18.0,https://new.land.naver.com/complexes/106825?tab=detail&rf=Y,충청북도 청주시 서원구 사직동 934,충청북도,청주시,서원구,사직동,,충청북도 청주시 서원구 예체로 30,0.0,245,14,844.0,1.54
[사직동],106825,3,푸르지오캐슬5단지,2010.11.,548.0,47.28,156.33,37.34,123.44,106,,,,,,,,,3,2,계단식,156,25.0,18.0,https://new.land.naver.com/complexes/106825?tab=detail&rf=Y,충청북도 청주시 서원구 사직동 934,충청북도,청주시,서원구,사직동,,충청북도 청주시 서원구 예체로 30,0.0,245,14,844.0,1.54
[사직동],106824,1,푸르지오캐슬4단지,2010.11.,1219.0,33.4,110.43,25.53,84.4,807,,,,,,,,,3,2,계단식,110,25.0,15.0,https://new.land.naver.com/complexes/106824?tab=detail&rf=Y,충청북도 청주시 서원구 사직동 937,충청북도,청주시,서원구,사직동,,충청북도 청주시 서원구 창직로 50,0.0,254,16,1900.0,1.56
[사직동],106824,2,푸르지오캐슬4단지,2010.11.,1219.0,40.15,132.74,31.47,104.04,304,,,,,,,,,3,2,계단식,132,25.0,15.0,https://new.land.naver.com/complexes/106824?tab=detail&rf=Y,충청북도 청주시 서원구 사직동 937,충청북도,청주시,서원구,사직동,,충청북도 청주시 서원구 창직로 50,0.0,254,16,1900.0,1.56
[사직동],106824,3,푸르지오캐슬4단지,2010.11.,1219.0,47.07,155.63,37.34,123.44,60,,,,,,,,,4,2,계단식,155,25.0,15.0,https://new.land.naver.com/complexes/106824?tab=detail&rf=Y,충청북도 청주시 서원구 사직동 937,충청북도,청주시,서원구,사직동,,충청북도 청주시 서원구 창직로 50,0.0,254,16,1900.0,1.56
[사직동],106824,4,푸르지오캐슬4단지,2010.11.,1219.0,52.39,173.2,42.33,139.96,48,,,,,,,,,4,2,계단식,173,25.0,15.0,https://new.land.naver.com/complexes/106824?tab=detail&rf=Y,충청북도 청주시 서원구 사직동 937,충청북도,청주시,서원구,사직동,,충청북도 청주시 서원구 창직로 50,0.0,254,16,1900.0,1.56
[사직동],100985,1,쌍용,1989.12.,180.0,31.64,104.62,25.66,84.83,98,,,,,,,,,3,2,계단식,104B,8.0,7.0,https://new.land.naver.com/complexes/100985?tab=detail&rf=Y,충청북도 청주시 서원구 사직동 산 147-23,충청북도,청주시,서원구,사직동,,충청북도 청주시 서원구 호국로38번길 23,0.0,0,0,0.0,0.0
[사직동],100985,2,쌍용,1989.12.,180.0,31.55,104.32,25.58,84.59,80,,,,,,,,,3,2,계단식,104A,8.0,7.0,https://new.land.naver.com/complexes/100985?tab=detail&rf=Y,충청북도 청주시 서원구 사직동 산 147-23,충청북도,청주시,서원구,사직동,,충청북도 청주시 서원구 호국로38번길 23,0.0,0,0,0.0,0.0
[사직동],100985,3,쌍용,1989.12.,180.0,31.64,104.62,25.66,84.84,2,,,,,,,,,3,2,계단식,104C,8.0,7.0,https://new.land.naver.com/complexes/100985?tab=detail&rf=Y,충청북도 청주시 서원구 사직동 산 147-23,충청북도,청주시,서원구,사직동,,충청북도 청주시 서원구 호국로38번길 23,0.0,0,0,0.0,0.0
[사직동],120587,1,벨라맨션,1982.09.,54.0,30.2,99.86,22.54,74.52,1,,,,,,,,,3,2,계단식,99,5.0,4.0,https://new.land.naver.com/complexes/120587?tab=detail&rf=Y,충청북도 청주시 서원구 사직동 6-122,충청북도,청주시,서원구,사직동,,충청북도 청주시 서원구 사운로 36,0.0,0,0,0.0,0.0
[사직동],120587,2,벨라맨션,1982.09.,54.0,30.71,101.55,23.74,78.49,1,,,,,,,,,3,2,계단식,101,5.0,4.0,https://new.land.naver.com/complexes/120587?tab=detail&rf=Y,충청북도 청주시 서원구 사직동 6-122,충청북도,청주시,서원구,사직동,,충청북도 청주시 서원구 사운로 36,0.0,0,0,0.0,0.0
[사직동],120587,3,벨라맨션,1982.09.,54.0,32.79,108.41,25.42,84.05,1,,,,,,,,,3,2,계단식,108A,5.0,4.0,https://new.land.naver.com/complexes/120587?tab=detail&rf=Y,충청북도 청주시 서원구 사직동 6-122,충청북도,청주시,서원구,사직동,,충청북도 청주시 서원구 사운로 36,0.0,0,0,0.0,0.0
[사직동],120587,4,벨라맨션,1982.09.,54.0,33.05,109.26,25.69,84.93,19,,,,,,,,,3,2,계단식,109E,5.0,4.0,https://new.land.naver.com/complexes/120587?tab=detail&rf=Y,충청북도 청주시 서원구 사직동 6-122,충청북도,청주시,서원구,사직동,,충청북도 청주시 서원구 사운로 36,0.0,0,0,0.0,0.0
[사직동],120587,5,벨라맨션,1982.09.,54.0,33.04,109.25,25.65,84.82,13,,,,,,,,,3,2,계단식,109B,5.0,4.0,https://new.land.naver.com/complexes/120587?tab=detail&rf=Y,충청북도 청주시 서원구 사직동 6-122,충청북도,청주시,서원구,사직동,,충청북도 청주시 서원구 사운로 36,0.0,0,0,0.0,0.0
[사직동],120587,6,벨라맨션,1982.09.,54.0,33.06,109.32,25.66,84.84,4,,,,,,,,,3,2,계단식,109D,5.0,4.0,https://new.land.naver.com/complexes/120587?tab=detail&rf=Y,충청북도 청주시 서원구 사직동 6-122,충청북도,청주시,서원구,사직동,,충청북도 청주시 서원구 사운로 36,0.0,0,0,0.0,0.0
[사직동],120587,7,벨라맨션,1982.09.,54.0,33.05,109.27,25.66,84.84,1,,,,,,,,,3,2,계단식,109C,5.0,4.0,https://new.land.naver.com/complexes/120587?tab=detail&rf=Y,충청북도 청주시 서원구 사직동 6-122,충청북도,청주시,서원구,사직동,,충청북도 청주시 서원구 사운로 36,0.0,0,0,0.0,0.0
[사직동],120587,8,벨라맨션,1982.09.,54.0,33.06,109.32,25.69,84.93,1,,,,,,,,,3,2,계단식,109F,5.0,4.0,https://new.land.naver.com/complexes/120587?tab=detail&rf=Y,충청북도 청주시 서원구 사직동 6-122,충청북도,청주시,서원구,사직동,,충청북도 청주시 서원구 사운로 36,0.0,0,0,0.0,0.0
[사직동],120587,9,벨라맨션,1982.09.,54.0,34.83,115.15,25.56,84.51,3,,,,,,,,,3,2,계단식,115,5.0,4.0,https://new.land.naver.com/complexes/120587?tab=detail&rf=Y,충청북도 청주시 서원구 사직동 6-122,충청북도,청주시,서원구,사직동,,충청북도 청주시 서원구 사운로 36,0.0,0,0,0.0,0.0
[사직동],120587,10,벨라맨션,1982.09.,54.0,46.69,154.38,37.21,123.04,10,,,,,,,,,4,2,계단식,154,5.0,4.0,https://new.land.naver.com/complexes/120587?tab=detail&rf=Y,충청북도 청주시 서원구 사직동 6-122,충청북도,청주시,서원구,사직동,,충청북도 청주시 서원구 사운로 36,0.0,0,0,0.0,0.0
[사직동],24884,1,두산위브더제니스,2009.07.,576.0,39.36,130.14,29.55,97.7,78,,,,,,,,,3,2,계단식,130,41.0,34.0,https://new.land.naver.com/complexes/24884?tab=detail&rf=Y,충청북도 청주시 서원구 사직동 265-5,충청북도,청주시,서원구,사직동,,충청북도 청주시 서원구 사운로 93,0.0,672,34,1047.0,1.82
[사직동],24884,2,두산위브더제니스,2009.07.,576.0,49.13,162.42,37.06,122.52,206,,,,,,,,,3,2,계단식,162B,41.0,34.0,https://new.land.naver.com/complexes/24884?tab=detail&rf=Y,충청북도 청주시 서원구 사직동 265-5,충청북도,청주시,서원구,사직동,,충청북도 청주시 서원구 사운로 93,0.0,672,34,1047.0,1.82
[사직동],24884,3,두산위브더제니스,2009.07.,576.0,49.39,163.29,37.54,124.13,142,,,,,,,,,3,2,계단식,163A,41.0,34.0,https://new.land.naver.com/complexes/24884?tab=detail&rf=Y,충청북도 청주시 서원구 사직동 265-5,충청북도,청주시,서원구,사직동,,충청북도 청주시 서원구 사운로 93,0.0,672,34,1047.0,1.82
[사직동],24884,4,두산위브더제니스,2009.07.,576.0,57.18,189.05,43.51,143.84,142,,,,,,,,,3,2,계단식,189,41.0,34.0,https://new.land.naver.com/complexes/24884?tab=detail&rf=Y,충청북도 청주시 서원구 사직동 265-5,충청북도,청주시,서원구,사직동,,충청북도 청주시 서원구 사운로 93,0.0,672,34,1047.0,1.82
[사직동],24884,5,두산위브더제니스,2009.07.,576.0,78.21,258.57,59.3,196.04,8,,,,,,,,,4,2,계단식,258,41.0,34.0,https://new.land.naver.com/complexes/24884?tab=detail&rf=Y,충청북도 청주시 서원구 사직동 265-5,충청북도,청주시,서원구,사직동,,충청북도 청주시 서원구 사운로 93,0.0,672,34,1047.0,1.82
[사직동],144375,1,목련,1985.05.,28.0,15.64,51.72,14.48,47.88,5,,,,,,,,,2,1,계단식,51A,5.0,4.0,https://new.land.naver.com/complexes/144375?tab=detail&rf=Y,충청북도 청주시 서원구 사직동 47-23,충청북도,청주시,서원구,사직동,,충청북도 청주시 서원구 모충로153번길 19,0.0,0,0,0.0,0.0
[사직동],144375,2,목련,1985.05.,28.0,15.89,52.56,14.59,48.24,5,,,,,,,,,2,1,계단식,52B,5.0,4.0,https://new.land.naver.com/complexes/144375?tab=detail&rf=Y,충청북도 청주시 서원구 사직동 47-23,충청북도,청주시,서원구,사직동,,충청북도 청주시 서원구 모충로153번길 19,0.0,0,0,0.0,0.0
[사직동],144375,3,목련,1985.05.,28.0,16.59,54.87,15.43,51.03,5,,,,,,,,,2,1,계단식,54C,5.0,4.0,https://new.land.naver.com/complexes/144375?tab=detail&rf=Y,충청북도 청주시 서원구 사직동 47-23,충청북도,청주시,서원구,사직동,,충청북도 청주시 서원구 모충로153번길 19,0.0,0,0,0.0,0.0
[사직동],144375,4,목련,1985.05.,28.0,16.6,54.9,15.3,50.58,4,,,,,,,,,2,1,계단식,54A,5.0,4.0,https://new.land.naver.com/complexes/144375?tab=detail&rf=Y,충청북도 청주시 서원구 사직동 47-23,충청북도,청주시,서원구,사직동,,충청북도 청주시 서원구 모충로153번길 19,0.0,0,0,0.0,0.0
[사직동],144375,5,목련,1985.05.,28.0,16.57,54.78,15.4,50.94,4,,,,,,,,,2,1,계단식,54B,5.0,4.0,https://new.land.naver.com/complexes/144375?tab=detail&rf=Y,충청북도 청주시 서원구 사직동 47-23,충청북도,청주시,서원구,사직동,,충청북도 청주시 서원구 모충로153번길 19,0.0,0,0,0.0,0.0
[사직동],144375,6,목련,1985.05.,28.0,16.87,55.8,15.57,51.48,5,,,,,,,,,2,1,계단식,55D,5.0,4.0,https://new.land.naver.com/complexes/144375?tab=detail&rf=Y,충청북도 청주시 서원구 사직동 47-23,충청북도,청주시,서원구,사직동,,충청북도 청주시 서원구 모충로153번길 19,0.0,0,0,0.0,0.0
[사직동],132323,1,삼영,1980.05.,48.0,25.99,85.95,20.5,67.77,48,,,,,,,,,3,1,계단식,85,8.0,8.0,https://new.land.naver.com/complexes/132323?tab=detail&rf=Y,충청북도 청주시 서원구 사직동 688-1,충청북도,청주시,서원구,사직동,,충청북도 청주시 서원구 호국로37번길 38,0.0,0,0,0.0,0.0
[사직동],127144,1,삼원맨션,1984.12.,45.0,22.24,73.55,14.21,46.98,1,,,,,,,,,3,1,복도식,73,5.0,5.0,https://new.land.naver.com/complexes/127144?tab=detail&rf=Y,충청북도 청주시 서원구 사직동 142-1,충청북도,청주시,서원구,사직동,,충청북도 청주시 서원구 사운로172번길 14,0.0,0,0,0.0,0.0
[사직동],127144,2,삼원맨션,1984.12.,45.0,26.11,86.33,18.07,59.76,10,,,,,,,,,3,2,복도식,86,5.0,5.0,https://new.land.naver.com/complexes/127144?tab=detail&rf=Y,충청북도 청주시 서원구 사직동 142-1,충청북도,청주시,서원구,사직동,,충청북도 청주시 서원구 사운로172번길 14,0.0,0,0,0.0,0.0
[사직동],127144,3,삼원맨션,1984.12.,45.0,26.71,88.31,18.67,61.74,4,,,,,,,,,3,2,복도식,88,5.0,5.0,https://new.land.naver.com/complexes/127144?tab=detail&rf=Y,충청북도 청주시 서원구 사직동 142-1,충청북도,청주시,서원구,사직동,,충청북도 청주시 서원구 사운로172번길 14,0.0,0,0,0.0,0.0
[사직동],127144,4,삼원맨션,1984.12.,45.0,27.8,91.91,19.76,65.34,30,,,,,,,,,3,2,복도식,91,5.0,5.0,https://new.land.naver.com/complexes/127144?tab=detail&rf=Y,충청북도 청주시 서원구 사직동 142-1,충청북도,청주시,서원구,사직동,,충청북도 청주시 서원구 사운로172번길 14,0.0,0,0,0.0,0.0
[사직동],106233,1,백두,1992.12.,49.0,18.88,62.44,12.93,42.76,1,,,,,,,,,2,1,복도식,62B,5.0,5.0,https://new.land.naver.com/complexes/106233?tab=detail&rf=Y,충청북도 청주시 서원구 사직동 628,충청북도,청주시,서원구,사직동,,충청북도 청주시 서원구 호국로26번길 22,0.0,0,0,38.0,0.78
[사직동],106233,2,백두,1992.12.,49.0,19.4,64.16,13.32,44.06,1,,,,,,,,,2,1,복도식,64A,5.0,5.0,https://new.land.naver.com/complexes/106233?tab=detail&rf=Y,충청북도 청주시 서원구 사직동 628,충청북도,청주시,서원구,사직동,,충청북도 청주시 서원구 호국로26번길 22,0.0,0,0,38.0,0.78
[사직동],106233,3,백두,1992.12.,49.0,19.83,65.57,13.64,45.12,1,,,,,,,,,2,1,복도식,65,5.0,5.0,https://new.land.naver.com/complexes/106233?tab=detail&rf=Y,충청북도 청주시 서원구 사직동 628,충청북도,청주시,서원구,사직동,,충청북도 청주시 서원구 호국로26번길 22,0.0,0,0,38.0,0.78
[사직동],106233,4,백두,1992.12.,49.0,20.57,68.02,14.2,46.97,4,,,,,,,,,2,1,복도식,68A,5.0,5.0,https://new.land.naver.com/complexes/106233?tab=detail&rf=Y,충청북도 청주시 서원구 사직동 628,충청북도,청주시,서원구,사직동,,충청북도 청주시 서원구 호국로26번길 22,0.0,0,0,38.0,0.78
[사직동],106233,5,백두,1992.12.,49.0,21.07,69.66,14.58,48.21,2,,,,,,,,,2,1,복도식,69B,5.0,5.0,https://new.land.naver.com/complexes/106233?tab=detail&rf=Y,충청북도 청주시 서원구 사직동 628,충청북도,청주시,서원구,사직동,,충청북도 청주시 서원구 호국로26번길 22,0.0,0,0,38.0,0.78
[사직동],106233,6,백두,1992.12.,49.0,21.52,71.17,14.92,49.35,4,,,,,,,,,2,1,복도식,71,5.0,5.0,https://new.land.naver.com/complexes/106233?tab=detail&rf=Y,충청북도 청주시 서원구 사직동 628,충청북도,청주시,서원구,사직동,,충청북도 청주시 서원구 호국로26번길 22,0.0,0,0,38.0,0.78
[사직동],106233,7,백두,1992.12.,49.0,22.58,74.66,15.72,51.99,10,,,,,,,,,3,2,복도식,74B,5.0,5.0,https://new.land.naver.com/complexes/106233?tab=detail&rf=Y,충청북도 청주시 서원구 사직동 628,충청북도,청주시,서원구,사직동,,충청북도 청주시 서원구 호국로26번길 22,0.0,0,0,38.0,0.78
[사직동],106233,8,백두,1992.12.,49.0,23.1,76.39,16.12,53.3,5,,,,,,,,,3,2,복도식,76A,5.0,5.0,https://new.land.naver.com/complexes/106233?tab=detail&rf=Y,충청북도 청주시 서원구 사직동 628,충청북도,청주시,서원구,사직동,,충청북도 청주시 서원구 호국로26번길 22,0.0,0,0,38.0,0.78
[사직동],106233,9,백두,1992.12.,49.0,25.02,82.73,17.57,58.09,20,,,,,,,,,3,2,복도식,82A,5.0,5.0,https://new.land.naver.com/complexes/106233?tab=detail&rf=Y,충청북도 청주시 서원구 사직동 628,충청북도,청주시,서원구,사직동,,충청북도 청주시 서원구 호국로26번길 22,0.0,0,0,38.0,0.78
[사직동],106233,10,백두,1992.12.,49.0,25.46,84.19,17.9,59.19,1,,,,,,,,,3,2,복도식,84B,5.0,5.0,https://new.land.naver.com/complexes/106233?tab=detail&rf=Y,충청북도 청주시 서원구 사직동 628,충청북도,청주시,서원구,사직동,,충청북도 청주시 서원구 호국로26번길 22,0.0,0,0,38.0,0.78
[사직동],105216,1,미호,1979.10.,110.0,24.66,81.53,21.62,71.5,110,,,,,,,,,3,1,복도식,81,6.0,6.0,https://new.land.naver.com/complexes/105216?tab=detail&rf=Y,충청북도 청주시 서원구 사직동 265-7,충청북도,청주시,서원구,사직동,,충청북도 청주시 서원구 사운로99번길 23,0.0,0,0,0.0,0.0
[사직동],144462,1,로얄클래스,2021.02.,7.0,22.94,75.86,18.37,60.73,5,,,,,,,,,3,2,계단식,75,10.0,9.0,https://new.land.naver.com/complexes/144462?tab=detail&rf=Y,충청북도 청주시 서원구 사직동 6-168,충청북도,청주시,서원구,사직동,,충청북도 청주시 서원구 사운로68번길 9,0.0,464,69,7.0,1.0
[사직동],144462,2,로얄클래스,2021.02.,7.0,32.08,106.07,25.68,84.9,2,,,,,,,,,3,2,계단식,106,10.0,9.0,https://new.land.naver.com/complexes/144462?tab=detail&rf=Y,충청북도 청주시 서원구 사직동 6-168,충청북도,청주시,서원구,사직동,,충청북도 청주시 서원구 사운로68번길 9,0.0,464,69,7.0,1.0
[사직동],107954,1,부강,1985.04.,40.0,22.78,75.33,20.47,67.68,10,,,,,,,,,3,2,복도식,75,5.0,5.0,https://new.land.naver.com/complexes/107954?tab=detail&rf=Y,충청북도 청주시 서원구 사직동 247-1,충청북도,청주시,서원구,사직동,,충청북도 청주시 서원구 호국로162번길 22,0.0,0,0,0.0,0.0
[사직동],107954,2,부강,1985.04.,40.0,23.54,77.85,21.23,70.2,20,,,,,,,,,3,2,복도식,77B,5.0,5.0,https://new.land.naver.com/complexes/107954?tab=detail&rf=Y,충청북도 청주시 서원구 사직동 247-1,충청북도,청주시,서원구,사직동,,충청북도 청주시 서원구 호국로162번길 22,0.0,0,0,0.0,0.0
[사직동],107954,3,부강,1985.04.,40.0,23.52,77.76,21.2,70.11,10,,,,,,,,,3,2,복도식,77A,5.0,5.0,https://new.land.naver.com/complexes/107954?tab=detail&rf=Y,충청북도 청주시 서원구 사직동 247-1,충청북도,청주시,서원구,사직동,,충청북도 청주시 서원구 호국로162번길 22,0.0,0,0,0.0,0.0
[사직동],112872,1,덕희아파트,1994.02.,203.0,9.63,31.84,6.71,22.2,203,,,,,,,,,1,1,복도식,31,12.0,12.0,https://new.land.naver.com/complexes/112872?tab=detail&rf=Y,충청북도 청주시 서원구 사직동 358-5,충청북도,청주시,서원구,사직동,,충청북도 청주시 서원구 남사로 14,0.0,257,23,52.0,0.26
[사직동],26944,1,"푸르지오캐슬1,2,3단지",2010.11.,1832.0,25.14,83.14,18.07,59.74,230,,,,,,,,,3,2,계단식,83,25.0,10.0,https://new.land.naver.com/complexes/26944?tab=detail&rf=Y,충청북도 청주시 서원구 사직동 931,충청북도,청주시,서원구,사직동,,충청북도 청주시 서원구 예체로 68,0.0,249,0,2842.0,1.55
[사직동],26944,2,"푸르지오캐슬1,2,3단지",2010.11.,1832.0,28.68,94.84,21.86,72.28,99,,,,,,,,,3,2,계단식,94,25.0,10.0,https://new.land.naver.com/complexes/26944?tab=detail&rf=Y,충청북도 청주시 서원구 사직동 931,충청북도,청주시,서원구,사직동,,충청북도 청주시 서원구 예체로 68,0.0,249,0,2842.0,1.55
[사직동],26944,3,"푸르지오캐슬1,2,3단지",2010.11.,1832.0,33.37,110.32,25.53,84.4,1055,,,,,,,,,3,2,복도식,110,25.0,10.0,https://new.land.naver.com/complexes/26944?tab=detail&rf=Y,충청북도 청주시 서원구 사직동 931,충청북도,청주시,서원구,사직동,,충청북도 청주시 서원구 예체로 68,0.0,249,0,2842.0,1.55
[사직동],26944,4,"푸르지오캐슬1,2,3단지",2010.11.,1832.0,40.15,132.74,31.47,104.04,144,,,,,,,,,3,2,계단식,132,25.0,10.0,https://new.land.naver.com/complexes/26944?tab=detail&rf=Y,충청북도 청주시 서원구 사직동 931,충청북도,청주시,서원구,사직동,,충청북도 청주시 서원구 예체로 68,0.0,249,0,2842.0,1.55
[사직동],26944,5,"푸르지오캐슬1,2,3단지",2010.11.,1832.0,47.06,155.58,37.34,123.44,128,,,,,,,,,4,2,계단식,155,25.0,10.0,https://new.land.naver.com/complexes/26944?tab=detail&rf=Y,충청북도 청주시 서원구 사직동 931,충청북도,청주시,서원구,사직동,,충청북도 청주시 서원구 예체로 68,0.0,249,0,2842.0,1.55
[사직동],26944,6,"푸르지오캐슬1,2,3단지",2010.11.,1832.0,52.39,173.21,42.33,139.96,88,,,,,,,,,4,2,계단식,173,25.0,10.0,https://new.land.naver.com/complexes/26944?tab=detail&rf=Y,충청북도 청주시 서원구 사직동 931,충청북도,청주시,서원구,사직동,,충청북도 청주시 서원구 예체로 68,0.0,249,0,2842.0,1.55
[사직동],26944,7,"푸르지오캐슬1,2,3단지",2010.11.,1832.0,65.63,216.98,53.24,176.01,88,,,,,,,,,5,2,계단식,216,25.0,10.0,https://new.land.naver.com/complexes/26944?tab=detail&rf=Y,충청북도 청주시 서원구 사직동 931,충청북도,청주시,서원구,사직동,,충청북도 청주시 서원구 예체로 68,0.0,249,0,2842.0,1.55
[사창동],12938,1,중앙,1985.05.,80.0,21.48,71.01,19.84,65.61,80,,,,,,,,,3,1,계단식,71,5.0,5.0,https://new.land.naver.com/complexes/12938?tab=detail&rf=Y,충청북도 청주시 서원구 사창동 249-2,충청북도,청주시,서원구,사창동,,충청북도 청주시 서원구 천석로14번길 3,0.0,352,72,0.0,0.0
[사창동],119678,1,부흥,1984.06.,40.0,14.21,46.98,14.21,46.98,1,,,,,,,,,3,1,계단식,46,5.0,5.0,https://new.land.naver.com/complexes/119678?tab=detail&rf=Y,충청북도 청주시 서원구 사창동 368-1,충청북도,청주시,서원구,사창동,,충청북도 청주시 서원구 창직로 7,0.0,0,0,0.0,0.0
[사창동],119678,2,부흥,1984.06.,40.0,14.83,49.05,14.83,49.05,1,,,,,,,,,3,1,계단식,49,5.0,5.0,https://new.land.naver.com/complexes/119678?tab=detail&rf=Y,충청북도 청주시 서원구 사창동 368-1,충청북도,청주시,서원구,사창동,,충청북도 청주시 서원구 창직로 7,0.0,0,0,0.0,0.0
[사창동],119678,3,부흥,1984.06.,40.0,16.74,55.35,16.74,55.35,4,,,,,,,,,3,1,계단식,55A,5.0,5.0,https://new.land.naver.com/complexes/119678?tab=detail&rf=Y,충청북도 청주시 서원구 사창동 368-1,충청북도,청주시,서원구,사창동,,충청북도 청주시 서원구 창직로 7,0.0,0,0,0.0,0.0
[사창동],119678,4,부흥,1984.06.,40.0,17.2,56.88,17.2,56.88,1,,,,,,,,,3,1,계단식,56B,5.0,5.0,https://new.land.naver.com/complexes/119678?tab=detail&rf=Y,충청북도 청주시 서원구 사창동 368-1,충청북도,청주시,서원구,사창동,,충청북도 청주시 서원구 창직로 7,0.0,0,0,0.0,0.0
[사창동],119678,5,부흥,1984.06.,40.0,19.43,64.26,17.69,58.5,15,,,,,,,,,3,1,계단식,64,5.0,5.0,https://new.land.naver.com/complexes/119678?tab=detail&rf=Y,충청북도 청주시 서원구 사창동 368-1,충청북도,청주시,서원구,사창동,,충청북도 청주시 서원구 창직로 7,0.0,0,0,0.0,0.0
[사창동],119678,6,부흥,1984.06.,40.0,20.14,66.6,20.14,66.6,3,,,,,,,,,3,1,계단식,66,5.0,5.0,https://new.land.naver.com/complexes/119678?tab=detail&rf=Y,충청북도 청주시 서원구 사창동 368-1,충청북도,청주시,서원구,사창동,,충청북도 청주시 서원구 창직로 7,0.0,0,0,0.0,0.0
[사창동],119678,7,부흥,1984.06.,40.0,22.27,73.62,20.52,67.86,15,,,,,,,,,3,1,계단식,73,5.0,5.0,https://new.land.naver.com/complexes/119678?tab=detail&rf=Y,충청북도 청주시 서원구 사창동 368-1,충청북도,청주시,서원구,사창동,,충청북도 청주시 서원구 창직로 7,0.0,0,0,0.0,0.0
[사창동],120335,1,조양(191-1),1980.05.,6.0,25.56,84.52,23.32,77.12,3,,,,,,,,,3,2,계단식,84,3.0,3.0,https://new.land.naver.com/complexes/120335?tab=detail&rf=Y,충청북도 청주시 서원구 사창동 191-1,충청북도,청주시,서원구,사창동,,충청북도 청주시 서원구 천수로18번길 2,0.0,0,0,0.0,0.0
[사창동],120335,2,조양(191-1),1980.05.,6.0,26.96,89.15,24.72,81.75,3,,,,,,,,,3,2,계단식,89,3.0,3.0,https://new.land.naver.com/complexes/120335?tab=detail&rf=Y,충청북도 청주시 서원구 사창동 191-1,충청북도,청주시,서원구,사창동,,충청북도 청주시 서원구 천수로18번길 2,0.0,0,0,0.0,0.0
[사창동],24345,1,대원칸타빌,2008.06.,810.0,26.27,86.86,18.13,59.96,296,,,,,,,,,3,2,계단식,86,25.0,13.0,https://new.land.naver.com/complexes/24345?tab=detail&rf=Y,충청북도 청주시 서원구 사창동 285-3,충청북도,청주시,서원구,사창동,,충청북도 청주시 서원구 예체로67번길 87,0.0,247,16,1224.0,1.51
[사창동],24345,2,대원칸타빌,2008.06.,810.0,34.66,114.59,25.69,84.95,247,,,,,,,,,3,2,계단식,114,25.0,13.0,https://new.land.naver.com/complexes/24345?tab=detail&rf=Y,충청북도 청주시 서원구 사창동 285-3,충청북도,청주시,서원구,사창동,,충청북도 청주시 서원구 예체로67번길 87,0.0,247,16,1224.0,1.51
[사창동],24345,3,대원칸타빌,2008.06.,810.0,44.64,147.58,34.85,115.21,267,,,,,,,,,4,2,계단식,147,25.0,13.0,https://new.land.naver.com/complexes/24345?tab=detail&rf=Y,충청북도 청주시 서원구 사창동 285-3,충청북도,청주시,서원구,사창동,,충청북도 청주시 서원구 예체로67번길 87,0.0,247,16,1224.0,1.51
[사창동],113940,1,로얄,1984.01.,70.0,25.56,84.52,21.82,72.15,70,,,,,,,,,3,1,계단식,84,5.0,5.0,https://new.land.naver.com/complexes/113940?tab=detail&rf=Y,충청북도 청주시 서원구 사창동 241-2,충청북도,청주시,서원구,사창동,,충청북도 청주시 서원구 예체로139번길 22,0.0,0,0,0.0,0.0
[사창동],7390,1,현대(227-2),1988.12.,229.0,27.06,89.48,21.67,71.64,68,,,,,,,,,3,1,계단식,89,14.0,7.0,https://new.land.naver.com/complexes/7390?tab=detail&rf=Y,충청북도 청주시 서원구 사창동 227-2,충청북도,청주시,서원구,사창동,,충청북도 청주시 서원구 사직대로157번길 18,0.0,0,0,0.0,0.0
[사창동],7390,2,현대(227-2),1988.12.,229.0,32.19,106.42,25.68,84.91,106,,,,,,,,,3,2,계단식,106,14.0,7.0,https://new.land.naver.com/complexes/7390?tab=detail&rf=Y,충청북도 청주시 서원구 사창동 227-2,충청북도,청주시,서원구,사창동,,충청북도 청주시 서원구 사직대로157번길 18,0.0,0,0,0.0,0.0
[사창동],7390,3,현대(227-2),1988.12.,229.0,47.51,157.08,38.42,127.01,55,,,,,,,,,4,2,계단식,157,14.0,7.0,https://new.land.naver.com/complexes/7390?tab=detail&rf=Y,충청북도 청주시 서원구 사창동 227-2,충청북도,청주시,서원구,사창동,,충청북도 청주시 서원구 사직대로157번길 18,0.0,0,0,0.0,0.0
[사창동],114607,1,평화,1981.11.,60.0,18.09,59.83,18.09,59.83,29,,,,,,,,,1,1,계단식,59B,5.0,5.0,https://new.land.naver.com/complexes/114607?tab=detail&rf=Y,충청북도 청주시 서원구 사창동 253-4,충청북도,청주시,서원구,사창동,,충청북도 청주시 서원구 사직대로185번길 7,0.0,0,0,0.0,0.0
[사창동],114607,2,평화,1981.11.,60.0,17.88,59.13,17.88,59.13,1,,,,,,,,,1,1,계단식,59A,5.0,5.0,https://new.land.naver.com/complexes/114607?tab=detail&rf=Y,충청북도 청주시 서원구 사창동 253-4,충청북도,청주시,서원구,사창동,,충청북도 청주시 서원구 사직대로185번길 7,0.0,0,0,0.0,0.0
[사창동],114607,3,평화,1981.11.,60.0,20.72,68.5,19.03,62.91,20,,,,,,,,,3,1,계단식,68,5.0,5.0,https://new.land.naver.com/complexes/114607?tab=detail&rf=Y,충청북도 청주시 서원구 사창동 253-4,충청북도,청주시,서원구,사창동,,충청북도 청주시 서원구 사직대로185번길 7,0.0,0,0,0.0,0.0
[사창동],114607,4,평화,1981.11.,60.0,24.25,80.19,20.87,69.02,5,,,,,,,,,3,1,계단식,80,5.0,5.0,https://new.land.naver.com/complexes/114607?tab=detail&rf=Y,충청북도 청주시 서원구 사창동 253-4,충청북도,청주시,서원구,사창동,,충청북도 청주시 서원구 사직대로185번길 7,0.0,0,0,0.0,0.0
[사창동],114607,5,평화,1981.11.,60.0,25.33,83.74,19.91,65.82,5,,,,,,,,,3,2,계단식,83,5.0,5.0,https://new.land.naver.com/complexes/114607?tab=detail&rf=Y,충청북도 청주시 서원구 사창동 253-4,충청북도,청주시,서원구,사창동,,충청북도 청주시 서원구 사직대로185번길 7,0.0,0,0,0.0,0.0
[사창동],106607,1,주성,1981.06.,199.0,18.35,60.69,18.35,60.69,50,,,,,,,,,3,1,계단식,60,5.0,5.0,https://new.land.naver.com/complexes/106607?tab=detail&rf=Y,충청북도 청주시 서원구 사창동 285-12,충청북도,청주시,서원구,사창동,,충청북도 청주시 서원구 1순환로 689,0.0,0,0,0.0,0.0
[사창동],106607,2,주성,1981.06.,199.0,20.28,67.05,18.11,59.87,31,,,,,,,,,2,1,계단식,67A,5.0,5.0,https://new.land.naver.com/complexes/106607?tab=detail&rf=Y,충청북도 청주시 서원구 사창동 285-12,충청북도,청주시,서원구,사창동,,충청북도 청주시 서원구 1순환로 689,0.0,0,0,0.0,0.0
[사창동],106607,3,주성,1981.06.,199.0,20.43,67.57,18.15,60.03,29,,,,,,,,,2,1,계단식,67B,5.0,5.0,https://new.land.naver.com/complexes/106607?tab=detail&rf=Y,충청북도 청주시 서원구 사창동 285-12,충청북도,청주시,서원구,사창동,,충청북도 청주시 서원구 1순환로 689,0.0,0,0,0.0,0.0
[사창동],106607,4,주성,1981.06.,199.0,20.87,69.02,20.87,69.02,48,,,,,,,,,3,1,계단식,69,5.0,5.0,https://new.land.naver.com/complexes/106607?tab=detail&rf=Y,충청북도 청주시 서원구 사창동 285-12,충청북도,청주시,서원구,사창동,,충청북도 청주시 서원구 1순환로 689,0.0,0,0,0.0,0.0
[사창동],106607,5,주성,1981.06.,199.0,24.23,80.1,21.94,72.56,20,,,,,,,,,3,1,계단식,80,5.0,5.0,https://new.land.naver.com/complexes/106607?tab=detail&rf=Y,충청북도 청주시 서원구 사창동 285-12,충청북도,청주시,서원구,사창동,,충청북도 청주시 서원구 1순환로 689,0.0,0,0,0.0,0.0
[사창동],106607,6,주성,1981.06.,199.0,26.51,87.65,21.91,72.43,20,,,,,,,,,3,1,계단식,87,5.0,5.0,https://new.land.naver.com/complexes/106607?tab=detail&rf=Y,충청북도 청주시 서원구 사창동 285-12,충청북도,청주시,서원구,사창동,,충청북도 청주시 서원구 1순환로 689,0.0,0,0,0.0,0.0
[사창동],106607,7,주성,1981.06.,199.0,52.43,173.34,41.75,138.04,1,,,,,,,,,5,3,계단식,173,5.0,5.0,https://new.land.naver.com/complexes/106607?tab=detail&rf=Y,충청북도 청주시 서원구 사창동 285-12,충청북도,청주시,서원구,사창동,,충청북도 청주시 서원구 1순환로 689,0.0,0,0,0.0,0.0
[사창동],126452,1,천지인,2004.04.,16.0,20.68,68.39,18.31,60.54,1,,,,,,,,,3,1,계단식,68,5.0,5.0,https://new.land.naver.com/complexes/126452?tab=detail&rf=Y,충청북도 청주시 서원구 사창동 290-121,충청북도,청주시,서원구,사창동,,충청북도 청주시 서원구 사직대로176번길 41,0.0,228,56,17.0,1.06
[사창동],126452,2,천지인,2004.04.,16.0,27.09,89.56,23.98,79.29,1,,,,,,,,,3,2,계단식,89,5.0,5.0,https://new.land.naver.com/complexes/126452?tab=detail&rf=Y,충청북도 청주시 서원구 사창동 290-121,충청북도,청주시,서원구,사창동,,충청북도 청주시 서원구 사직대로176번길 41,0.0,228,56,17.0,1.06
[사창동],126452,3,천지인,2004.04.,16.0,27.55,91.09,24.39,80.64,2,,,,,,,,,3,2,계단식,91A,5.0,5.0,https://new.land.naver.com/complexes/126452?tab=detail&rf=Y,충청북도 청주시 서원구 사창동 290-121,충청북도,청주시,서원구,사창동,,충청북도 청주시 서원구 사직대로176번길 41,0.0,228,56,17.0,1.06
[사창동],126452,4,천지인,2004.04.,16.0,27.87,92.16,24.68,81.59,2,,,,,,,,,3,2,계단식,92B,5.0,5.0,https://new.land.naver.com/complexes/126452?tab=detail&rf=Y,충청북도 청주시 서원구 사창동 290-121,충청북도,청주시,서원구,사창동,,충청북도 청주시 서원구 사직대로176번길 41,0.0,228,56,17.0,1.06
[사창동],126452,5,천지인,2004.04.,16.0,27.92,92.3,24.71,81.71,1,,,,,,,,,3,2,계단식,92C,5.0,5.0,https://new.land.naver.com/complexes/126452?tab=detail&rf=Y,충청북도 청주시 서원구 사창동 290-121,충청북도,청주시,서원구,사창동,,충청북도 청주시 서원구 사직대로176번길 41,0.0,228,56,17.0,1.06
[사창동],126452,6,천지인,2004.04.,16.0,29.01,95.93,25.68,84.92,6,,,,,,,,,3,2,계단식,95A,5.0,5.0,https://new.land.naver.com/complexes/126452?tab=detail&rf=Y,충청북도 청주시 서원구 사창동 290-121,충청북도,청주시,서원구,사창동,,충청북도 청주시 서원구 사직대로176번길 41,0.0,228,56,17.0,1.06
[사창동],126452,7,천지인,2004.04.,16.0,29.02,95.96,25.69,84.95,3,,,,,,,,,3,2,계단식,95B,5.0,5.0,https://new.land.naver.com/complexes/126452?tab=detail&rf=Y,충청북도 청주시 서원구 사창동 290-121,충청북도,청주시,서원구,사창동,,충청북도 청주시 서원구 사직대로176번길 41,0.0,228,56,17.0,1.06
[사창동],116400,1,현대(150-1),1985.11.,25.0,26.02,86.04,24.39,80.64,20,,,,,,,,,3,2,복도식,86,5.0,5.0,https://new.land.naver.com/complexes/116400?tab=detail&rf=Y,충청북도 청주시 서원구 사창동 150-1,충청북도,청주시,서원구,사창동,,충청북도 청주시 서원구 사직대로82번길 13,0.0,0,0,0.0,0.0
[사창동],116400,2,현대(150-1),1985.11.,25.0,27.66,91.44,24.39,80.64,5,,,,,,,,,3,2,복도식,91,5.0,5.0,https://new.land.naver.com/complexes/116400?tab=detail&rf=Y,충청북도 청주시 서원구 사창동 150-1,충청북도,청주시,서원구,사창동,,충청북도 청주시 서원구 사직대로82번길 13,0.0,0,0,0.0,0.0
[사창동],121405,1,에스텔하우스,2015.06.,16.0,24.55,81.19,20.2,66.78,4,,,,,,,,,3,2,계단식,81A,5.0,5.0,https://new.land.naver.com/complexes/121405?tab=detail&rf=Y,충청북도 청주시 서원구 사창동 323-1,충청북도,청주시,서원구,사창동,,충청북도 청주시 서원구 창신로22번길 65-10,0.0,153,47,16.0,1.0
[사창동],121405,2,에스텔하우스,2015.06.,16.0,24.86,82.21,20.65,68.27,4,,,,,,,,,3,2,계단식,82B,5.0,5.0,https://new.land.naver.com/complexes/121405?tab=detail&rf=Y,충청북도 청주시 서원구 사창동 323-1,충청북도,청주시,서원구,사창동,,충청북도 청주시 서원구 창신로22번길 65-10,0.0,153,47,16.0,1.0
[사창동],121405,3,에스텔하우스,2015.06.,16.0,24.92,82.41,20.7,68.43,4,,,,,,,,,3,2,계단식,82C,5.0,5.0,https://new.land.naver.com/complexes/121405?tab=detail&rf=Y,충청북도 청주시 서원구 사창동 323-1,충청북도,청주시,서원구,사창동,,충청북도 청주시 서원구 창신로22번길 65-10,0.0,153,47,16.0,1.0
[사창동],121405,4,에스텔하우스,2015.06.,16.0,25.27,83.56,20.79,68.73,4,,,,,,,,,3,2,계단식,83D,5.0,5.0,https://new.land.naver.com/complexes/121405?tab=detail&rf=Y,충청북도 청주시 서원구 사창동 323-1,충청북도,청주시,서원구,사창동,,충청북도 청주시 서원구 창신로22번길 65-10,0.0,153,47,16.0,1.0
[사창동],108585,1,통경목련,1994.12.,48.0,10.16,33.59,7.4,24.48,12,,,,,,,,,1,1,계단식,33,6.0,6.0,https://new.land.naver.com/complexes/108585?tab=detail&rf=Y,충청북도 청주시 서원구 사창동 357-31,충청북도,청주시,서원구,사창동,,충청북도 청주시 서원구 예체로67번길 49,0.0,173,32,24.0,0.5
[사창동],108585,2,통경목련,1994.12.,48.0,10.94,36.18,7.97,26.37,24,,,,,,,,,1,1,계단식,36,6.0,6.0,https://new.land.naver.com/complexes/108585?tab=detail&rf=Y,충청북도 청주시 서원구 사창동 357-31,충청북도,청주시,서원구,사창동,,충청북도 청주시 서원구 예체로67번길 49,0.0,173,32,24.0,0.5
[사창동],108585,3,통경목련,1994.12.,48.0,11.73,38.78,8.54,28.26,12,,,,,,,,,1,1,계단식,38,6.0,6.0,https://new.land.naver.com/complexes/108585?tab=detail&rf=Y,충청북도 청주시 서원구 사창동 357-31,충청북도,청주시,서원구,사창동,,충청북도 청주시 서원구 예체로67번길 49,0.0,173,32,24.0,0.5
[사창동],114997,1,청우,1979.01.,75.0,25.06,82.85,21.47,70.98,75,,,,,,,,,3,2,계단식,82,4.0,4.0,https://new.land.naver.com/complexes/114997?tab=detail&rf=Y,충청북도 청주시 서원구 사창동 136-1,충청북도,청주시,서원구,사창동,,충청북도 청주시 서원구 사직대로89번길 25,0.0,0,0,0.0,0.0
[사창동],7377,1,신라,1986.02.,70.0,20.47,67.68,18.83,62.28,10,,,,,,,,,3,1,계단식,67,5.0,5.0,https://new.land.naver.com/complexes/7377?tab=detail&rf=Y,충청북도 청주시 서원구 사창동 270-1,충청북도,청주시,서원구,사창동,,충청북도 청주시 서원구 1순환로673번길 20,0.0,0,0,0.0,0.0
[사창동],7377,2,신라,1986.02.,70.0,22.05,72.9,20.41,67.5,5,,,,,,,,,3,1,계단식,72,5.0,5.0,https://new.land.naver.com/complexes/7377?tab=detail&rf=Y,충청북도 청주시 서원구 사창동 270-1,충청북도,청주시,서원구,사창동,,충청북도 청주시 서원구 1순환로673번길 20,0.0,0,0,0.0,0.0
[사창동],7377,3,신라,1986.02.,70.0,23.68,78.3,22.05,72.9,5,,,,,,,,,3,1,계단식,78,5.0,5.0,https://new.land.naver.com/complexes/7377?tab=detail&rf=Y,충청북도 청주시 서원구 사창동 270-1,충청북도,청주시,서원구,사창동,,충청북도 청주시 서원구 1순환로673번길 20,0.0,0,0,0.0,0.0
[사창동],7377,4,신라,1986.02.,70.0,25.78,85.23,23.6,78.03,15,,,,,,,,,3,1,계단식,85B,5.0,5.0,https://new.land.naver.com/complexes/7377?tab=detail&rf=Y,충청북도 청주시 서원구 사창동 270-1,충청북도,청주시,서원구,사창동,,충청북도 청주시 서원구 1순환로673번길 20,0.0,0,0,0.0,0.0
[사창동],7377,5,신라,1986.02.,70.0,25.98,85.91,19.65,64.98,10,,,,,,,,,3,1,계단식,85A,5.0,5.0,https://new.land.naver.com/complexes/7377?tab=detail&rf=Y,충청북도 청주시 서원구 사창동 270-1,충청북도,청주시,서원구,사창동,,충청북도 청주시 서원구 1순환로673번길 20,0.0,0,0,0.0,0.0
[사창동],7377,6,신라,1986.02.,70.0,27.71,91.62,25.53,84.42,5,,,,,,,,,3,1,계단식,91,5.0,5.0,https://new.land.naver.com/complexes/7377?tab=detail&rf=Y,충청북도 청주시 서원구 사창동 270-1,충청북도,청주시,서원구,사창동,,충청북도 청주시 서원구 1순환로673번길 20,0.0,0,0,0.0,0.0
[사창동],7377,7,신라,1986.02.,70.0,33.3,110.09,25.3,83.64,5,,,,,,,,,3,1,계단식,110,5.0,5.0,https://new.land.naver.com/complexes/7377?tab=detail&rf=Y,충청북도 청주시 서원구 사창동 270-1,충청북도,청주시,서원구,사창동,,충청북도 청주시 서원구 1순환로673번길 20,0.0,0,0,0.0,0.0
[사창동],7377,8,신라,1986.02.,70.0,33.59,111.05,25.59,84.6,5,,,,,,,,,4,2,계단식,111,5.0,5.0,https://new.land.naver.com/complexes/7377?tab=detail&rf=Y,충청북도 청주시 서원구 사창동 270-1,충청북도,청주시,서원구,사창동,,충청북도 청주시 서원구 1순환로673번길 20,0.0,0,0,0.0,0.0
[사창동],7377,9,신라,1986.02.,70.0,37.69,124.61,29.39,97.17,5,,,,,,,,,4,2,계단식,124,5.0,5.0,https://new.land.naver.com/complexes/7377?tab=detail&rf=Y,충청북도 청주시 서원구 사창동 270-1,충청북도,청주시,서원구,사창동,,충청북도 청주시 서원구 1순환로673번길 20,0.0,0,0,0.0,0.0
[사창동],7377,10,신라,1986.02.,70.0,51.73,171.04,41.13,135.97,5,,,,,,,,,5,2,계단식,171,5.0,5.0,https://new.land.naver.com/complexes/7377?tab=detail&rf=Y,충청북도 청주시 서원구 사창동 270-1,충청북도,청주시,서원구,사창동,,충청북도 청주시 서원구 1순환로673번길 20,0.0,0,0,0.0,0.0
[사창동],117342,1,헤렌하우스,2013.12.,28.0,8.36,27.64,5.74,19.0,2,,,,,,,,,1,1,복도식,27,9.0,9.0,https://new.land.naver.com/complexes/117342?tab=detail&rf=Y,충청북도 청주시 서원구 사창동 296-7,충청북도,청주시,서원구,사창동,,충청북도 청주시 서원구 내수동로 149,0.0,431,66,12.0,0.43
[사창동],117342,2,헤렌하우스,2013.12.,28.0,9.04,29.91,6.21,20.55,1,,,,,,,,,1,1,복도식,29A,9.0,9.0,https://new.land.naver.com/complexes/117342?tab=detail&rf=Y,충청북도 청주시 서원구 사창동 296-7,충청북도,청주시,서원구,사창동,,충청북도 청주시 서원구 내수동로 149,0.0,431,66,12.0,0.43
[사창동],117342,3,헤렌하우스,2013.12.,28.0,9.11,30.12,6.26,20.7,1,,,,,,,,,1,1,복도식,30B,9.0,9.0,https://new.land.naver.com/complexes/117342?tab=detail&rf=Y,충청북도 청주시 서원구 사창동 296-7,충청북도,청주시,서원구,사창동,,충청북도 청주시 서원구 내수동로 149,0.0,431,66,12.0,0.43
[사창동],117342,4,헤렌하우스,2013.12.,28.0,9.49,31.38,6.52,21.57,4,,,,,,,,,1,1,복도식,31C,9.0,9.0,https://new.land.naver.com/complexes/117342?tab=detail&rf=Y,충청북도 청주시 서원구 사창동 296-7,충청북도,청주시,서원구,사창동,,충청북도 청주시 서원구 내수동로 149,0.0,431,66,12.0,0.43
[사창동],117342,5,헤렌하우스,2013.12.,28.0,9.85,32.59,6.77,22.4,2,,,,,,,,,1,1,복도식,32,9.0,9.0,https://new.land.naver.com/complexes/117342?tab=detail&rf=Y,충청북도 청주시 서원구 사창동 296-7,충청북도,청주시,서원구,사창동,,충청북도 청주시 서원구 내수동로 149,0.0,431,66,12.0,0.43
[사창동],117342,6,헤렌하우스,2013.12.,28.0,11.24,37.17,7.72,25.55,4,,,,,,,,,1,1,복도식,37,9.0,9.0,https://new.land.naver.com/complexes/117342?tab=detail&rf=Y,충청북도 청주시 서원구 사창동 296-7,충청북도,청주시,서원구,사창동,,충청북도 청주시 서원구 내수동로 149,0.0,431,66,12.0,0.43
[사창동],117342,7,헤렌하우스,2013.12.,28.0,11.74,38.82,8.07,26.68,8,,,,,,,,,1,1,복도식,38,9.0,9.0,https://new.land.naver.com/complexes/117342?tab=detail&rf=Y,충청북도 청주시 서원구 사창동 296-7,충청북도,청주시,서원구,사창동,,충청북도 청주시 서원구 내수동로 149,0.0,431,66,12.0,0.43
[사창동],117342,8,헤렌하우스,2013.12.,28.0,12.97,42.89,8.91,29.48,2,,,,,,,,,1,1,복도식,42A,9.0,9.0,https://new.land.naver.com/complexes/117342?tab=detail&rf=Y,충청북도 청주시 서원구 사창동 296-7,충청북도,청주시,서원구,사창동,,충청북도 청주시 서원구 내수동로 149,0.0,431,66,12.0,0.43
[사창동],117342,9,헤렌하우스,2013.12.,28.0,13.09,43.29,8.99,29.75,2,,,,,,,,,1,1,복도식,43B,9.0,9.0,https://new.land.naver.com/complexes/117342?tab=detail&rf=Y,충청북도 청주시 서원구 사창동 296-7,충청북도,청주시,서원구,사창동,,충청북도 청주시 서원구 내수동로 149,0.0,431,66,12.0,0.43
[사창동],117342,10,헤렌하우스,2013.12.,28.0,13.25,43.82,9.11,30.12,1,,,,,,,,,1,1,복도식,43C,9.0,9.0,https://new.land.naver.com/complexes/117342?tab=detail&rf=Y,충청북도 청주시 서원구 사창동 296-7,충청북도,청주시,서원구,사창동,,충청북도 청주시 서원구 내수동로 149,0.0,431,66,12.0,0.43
[사창동],117342,11,헤렌하우스,2013.12.,28.0,16.27,53.79,11.18,36.96,1,,,,,,,,,2,1,복도식,53,9.0,9.0,https://new.land.naver.com/complexes/117342?tab=detail&rf=Y,충청북도 청주시 서원구 사창동 296-7,충청북도,청주시,서원구,사창동,,충청북도 청주시 서원구 내수동로 149,0.0,431,66,12.0,0.43
[사창동],106568,1,서울,1978.11.,100.0,20.05,66.29,16.15,53.42,20,,,,,,,,,2,1,복도식,66B,5.0,5.0,https://new.land.naver.com/complexes/106568?tab=detail&rf=Y,충청북도 청주시 서원구 사창동 372-3,충청북도,청주시,서원구,사창동,,충청북도 청주시 서원구 창직로 1,0.0,0,0,0.0,0.0
[사창동],106568,2,서울,1978.11.,100.0,20.04,66.28,15.96,52.79,10,,,,,,,,,2,1,복도식,66A,5.0,5.0,https://new.land.naver.com/complexes/106568?tab=detail&rf=Y,충청북도 청주시 서원구 사창동 372-3,충청북도,청주시,서원구,사창동,,충청북도 청주시 서원구 창직로 1,0.0,0,0,0.0,0.0
[사창동],106568,3,서울,1978.11.,100.0,21.75,71.91,17.29,57.19,10,,,,,,,,,2,1,복도식,71,5.0,5.0,https://new.land.naver.com/complexes/106568?tab=detail&rf=Y,충청북도 청주시 서원구 사창동 372-3,충청북도,청주시,서원구,사창동,,충청북도 청주시 서원구 창직로 1,0.0,0,0,0.0,0.0
[사창동],106568,4,서울,1978.11.,100.0,23.05,76.2,17.56,58.08,5,,,,,,,,,3,2,복도식,76,5.0,5.0,https://new.land.naver.com/complexes/106568?tab=detail&rf=Y,충청북도 청주시 서원구 사창동 372-3,충청북도,청주시,서원구,사창동,,충청북도 청주시 서원구 창직로 1,0.0,0,0,0.0,0.0
[사창동],106568,5,서울,1978.11.,100.0,24.05,79.51,19.58,64.73,10,,,,,,,,,3,2,복도식,79C,5.0,5.0,https://new.land.naver.com/complexes/106568?tab=detail&rf=Y,충청북도 청주시 서원구 사창동 372-3,충청북도,청주시,서원구,사창동,,충청북도 청주시 서원구 창직로 1,0.0,0,0,0.0,0.0
[사창동],106568,6,서울,1978.11.,100.0,24.04,79.5,17.43,57.62,4,,,,,,,,,3,2,복도식,79A,5.0,5.0,https://new.land.naver.com/complexes/106568?tab=detail&rf=Y,충청북도 청주시 서원구 사창동 372-3,충청북도,청주시,서원구,사창동,,충청북도 청주시 서원구 창직로 1,0.0,0,0,0.0,0.0
[사창동],106568,7,서울,1978.11.,100.0,24.05,79.51,17.45,57.69,2,,,,,,,,,3,2,복도식,79B,5.0,5.0,https://new.land.naver.com/complexes/106568?tab=detail&rf=Y,충청북도 청주시 서원구 사창동 372-3,충청북도,청주시,서원구,사창동,,충청북도 청주시 서원구 창직로 1,0.0,0,0,0.0,0.0
[사창동],106568,8,서울,1978.11.,100.0,24.59,81.29,20.72,68.5,10,,,,,,,,,3,2,복도식,81,5.0,5.0,https://new.land.naver.com/complexes/106568?tab=detail&rf=Y,충청북도 청주시 서원구 사창동 372-3,충청북도,청주시,서원구,사창동,,충청북도 청주시 서원구 창직로 1,0.0,0,0,0.0,0.0
[사창동],106568,9,서울,1978.11.,100.0,28.04,92.72,22.8,75.4,5,,,,,,,,,3,2,복도식,92,5.0,5.0,https://new.land.naver.com/complexes/106568?tab=detail&rf=Y,충청북도 청주시 서원구 사창동 372-3,충청북도,청주시,서원구,사창동,,충청북도 청주시 서원구 창직로 1,0.0,0,0,0.0,0.0
[사창동],106568,10,서울,1978.11.,100.0,31.54,104.29,25.48,84.26,24,,,,,,,,,3,2,계단식,104,5.0,5.0,https://new.land.naver.com/complexes/106568?tab=detail&rf=Y,충청북도 청주시 서원구 사창동 372-3,충청북도,청주시,서원구,사창동,,충청북도 청주시 서원구 창직로 1,0.0,0,0,0.0,0.0
[사창동],106463,1,두진하트리움에덴(도시형),2014.11.,297.0,10.65,35.22,7.34,24.27,5,,,,,,,,,1,1,복도식,35P,20.0,19.0,https://new.land.naver.com/complexes/106463?tab=detail&rf=Y,충청북도 청주시 서원구 사창동 304-1,충청북도,청주시,서원구,사창동,,충청북도 청주시 서원구 사직대로 160,0.0,793,73,194.0,0.65
[사창동],106463,2,두진하트리움에덴(도시형),2014.11.,297.0,11.59,38.34,7.99,26.42,1,,,,,,,,,1,1,복도식,38Q,20.0,19.0,https://new.land.naver.com/complexes/106463?tab=detail&rf=Y,충청북도 청주시 서원구 사창동 304-1,충청북도,청주시,서원구,사창동,,충청북도 청주시 서원구 사직대로 160,0.0,793,73,194.0,0.65
[사창동],106463,3,두진하트리움에덴(도시형),2014.11.,297.0,20.33,67.22,14.01,46.32,30,,,,,,,,,2,1,복도식,67N,20.0,19.0,https://new.land.naver.com/complexes/106463?tab=detail&rf=Y,충청북도 청주시 서원구 사창동 304-1,충청북도,청주시,서원구,사창동,,충청북도 청주시 서원구 사직대로 160,0.0,793,73,194.0,0.65
[사창동],106463,4,두진하트리움에덴(도시형),2014.11.,297.0,21.2,70.09,14.61,48.3,30,,,,,,,,,2,1,복도식,70L,20.0,19.0,https://new.land.naver.com/complexes/106463?tab=detail&rf=Y,충청북도 청주시 서원구 사창동 304-1,충청북도,청주시,서원구,사창동,,충청북도 청주시 서원구 사직대로 160,0.0,793,73,194.0,0.65
[사창동],106463,5,두진하트리움에덴(도시형),2014.11.,297.0,21.62,71.49,14.9,49.27,45,,,,,,,,,2,1,복도식,71K,20.0,19.0,https://new.land.naver.com/complexes/106463?tab=detail&rf=Y,충청북도 청주시 서원구 사창동 304-1,충청북도,청주시,서원구,사창동,,충청북도 청주시 서원구 사직대로 160,0.0,793,73,194.0,0.65
[사창동],106463,6,두진하트리움에덴(도시형),2014.11.,297.0,21.51,71.12,14.82,49.01,15,,,,,,,,,2,1,복도식,71M,20.0,19.0,https://new.land.naver.com/complexes/106463?tab=detail&rf=Y,충청북도 청주시 서원구 사창동 304-1,충청북도,청주시,서원구,사창동,,충청북도 청주시 서원구 사직대로 160,0.0,793,73,194.0,0.65
[사창동],106463,7,두진하트리움에덴(도시형),2014.11.,297.0,21.91,72.46,15.1,49.93,96,,,,,,,,,2,1,복도식,72J,20.0,19.0,https://new.land.naver.com/complexes/106463?tab=detail&rf=Y,충청북도 청주시 서원구 사창동 304-1,충청북도,청주시,서원구,사창동,,충청북도 청주시 서원구 사직대로 160,0.0,793,73,194.0,0.65
[사창동],106463,8,두진하트리움에덴(도시형),2014.11.,297.0,21.9,72.42,15.09,49.9,75,,,,,,,,,1,1,복도식,72I,20.0,19.0,https://new.land.naver.com/complexes/106463?tab=detail&rf=Y,충청북도 청주시 서원구 사창동 304-1,충청북도,청주시,서원구,사창동,,충청북도 청주시 서원구 사직대로 160,0.0,793,73,194.0,0.65
[사창동],121580,1,조양(371-4),1978.12.,35.0,28.4,93.91,24.76,81.88,10,,,,,,,,,3,2,계단식,93B,5.0,5.0,https://new.land.naver.com/complexes/121580?tab=detail&rf=Y,충청북도 청주시 서원구 사창동 371-4,충청북도,청주시,서원구,사창동,,충청북도 청주시 서원구 1순환로 697,0.0,0,0,0.0,0.0
[사창동],121580,2,조양(371-4),1978.12.,35.0,28.41,93.95,24.78,81.92,9,,,,,,,,,3,2,계단식,93C,5.0,5.0,https://new.land.naver.com/complexes/121580?tab=detail&rf=Y,충청북도 청주시 서원구 사창동 371-4,충청북도,청주시,서원구,사창동,,충청북도 청주시 서원구 1순환로 697,0.0,0,0,0.0,0.0
[사창동],121580,3,조양(371-4),1978.12.,35.0,28.16,93.12,24.52,81.09,5,,,,,,,,,3,2,계단식,93A,5.0,5.0,https://new.land.naver.com/complexes/121580?tab=detail&rf=Y,충청북도 청주시 서원구 사창동 371-4,충청북도,청주시,서원구,사창동,,충청북도 청주시 서원구 1순환로 697,0.0,0,0,0.0,0.0
[사창동],121580,4,조양(371-4),1978.12.,35.0,28.61,94.61,24.98,82.58,11,,,,,,,,,3,2,계단식,94,5.0,5.0,https://new.land.naver.com/complexes/121580?tab=detail&rf=Y,충청북도 청주시 서원구 사창동 371-4,충청북도,청주시,서원구,사창동,,충청북도 청주시 서원구 1순환로 697,0.0,0,0,0.0,0.0
[사창동],124734,1,현대(154-1),1985.11.,48.0,29.56,97.72,25.16,83.2,5,,,,,,,,,3,2,계단식,97A,6.0,6.0,https://new.land.naver.com/complexes/124734?tab=detail&rf=Y,충청북도 청주시 서원구 사창동 154-1,충청북도,청주시,서원구,사창동,,충청북도 청주시 서원구 내수동로 99,0.0,0,0,0.0,0.0
[사창동],124734,2,현대(154-1),1985.11.,48.0,29.76,98.4,25.37,83.88,43,,,,,,,,,3,2,계단식,98B,6.0,6.0,https://new.land.naver.com/complexes/124734?tab=detail&rf=Y,충청북도 청주시 서원구 사창동 154-1,충청북도,청주시,서원구,사창동,,충청북도 청주시 서원구 내수동로 99,0.0,0,0,0.0,0.0
[산남동],25917,1,대원칸타빌1단지,2007.04.,600.0,34.0,112.4,25.7,84.99,576,,,,,,,,,3,2,계단식,112A,15.0,12.0,https://new.land.naver.com/complexes/25917?tab=detail&rf=Y,충청북도 청주시 서원구 산남동 678,충청북도,청주시,서원구,산남동,,충청북도 청주시 서원구 두꺼비로 63,0.0,192,20,792.0,1.32
[산남동],25917,2,대원칸타빌1단지,2007.04.,600.0,34.18,113.02,25.7,84.99,24,,,,,,,,,3,2,계단식,113B,15.0,12.0,https://new.land.naver.com/complexes/25917?tab=detail&rf=Y,충청북도 청주시 서원구 산남동 678,충청북도,청주시,서원구,산남동,,충청북도 청주시 서원구 두꺼비로 63,0.0,192,20,792.0,1.32
[산남동],25552,1,계룡리슈빌,2007.02.,551.0,39.62,130.98,31.99,105.77,112,,,,,,,,,3,2,계단식,130A,15.0,13.0,https://new.land.naver.com/complexes/25552?tab=detail&rf=Y,충청북도 청주시 서원구 산남동 1102,충청북도,청주시,서원구,산남동,,충청북도 청주시 서원구 산남로 23,0.0,199,17,966.0,1.75
[산남동],25552,2,계룡리슈빌,2007.02.,551.0,39.63,131.03,32.07,106.02,98,,,,,,,,,3,2,계단식,131B,15.0,13.0,https://new.land.naver.com/complexes/25552?tab=detail&rf=Y,충청북도 청주시 서원구 산남동 1102,충청북도,청주시,서원구,산남동,,충청북도 청주시 서원구 산남로 23,0.0,199,17,966.0,1.75
[산남동],25552,3,계룡리슈빌,2007.02.,551.0,49.03,162.11,39.96,132.1,60,,,,,,,,,4,2,계단식,162,15.0,13.0,https://new.land.naver.com/complexes/25552?tab=detail&rf=Y,충청북도 청주시 서원구 산남동 1102,충청북도,청주시,서원구,산남동,,충청북도 청주시 서원구 산남로 23,0.0,199,17,966.0,1.75
[산남동],25552,4,계룡리슈빌,2007.02.,551.0,49.58,163.93,40.45,133.74,161,,,,,,,,,4,2,계단식,163,15.0,13.0,https://new.land.naver.com/complexes/25552?tab=detail&rf=Y,충청북도 청주시 서원구 산남동 1102,충청북도,청주시,서원구,산남동,,충청북도 청주시 서원구 산남로 23,0.0,199,17,966.0,1.75
[산남동],25552,5,계룡리슈빌,2007.02.,551.0,52.79,174.52,42.61,140.87,8,,,,,,,,,4,2,계단식,174,15.0,13.0,https://new.land.naver.com/complexes/25552?tab=detail&rf=Y,충청북도 청주시 서원구 산남동 1102,충청북도,청주시,서원구,산남동,,충청북도 청주시 서원구 산남로 23,0.0,199,17,966.0,1.75
[산남동],25552,6,계룡리슈빌,2007.02.,551.0,59.61,197.06,50.49,166.93,112,,,,,,,,,4,2,계단식,197,15.0,13.0,https://new.land.naver.com/complexes/25552?tab=detail&rf=Y,충청북도 청주시 서원구 산남동 1102,충청북도,청주시,서원구,산남동,,충청북도 청주시 서원구 산남로 23,0.0,199,17,966.0,1.75
[산남동],25844,1,산남퀸덤,2007.01.,570.0,34.01,112.43,25.69,84.93,570,,,,,,,,,3,2,복도식,112,15.0,12.0,https://new.land.naver.com/complexes/25844?tab=detail&rf=Y,충청북도 청주시 서원구 산남동 671,충청북도,청주시,서원구,산남동,,충청북도 청주시 서원구 두꺼비로 93,0.0,199,19,749.0,1.31
[산남동],26054,1,부영사랑으로,2007.04.,985.0,26.76,88.49,18.12,59.93,985,,,,,,,,,3,2,계단식,88,15.0,13.0,https://new.land.naver.com/complexes/26054?tab=detail&rf=Y,충청북도 청주시 서원구 산남동 1094,충청북도,청주시,서원구,산남동,,충청북도 청주시 서원구 원흥로 14,0.0,193,19,1014.0,1.03
[산남동],25551,1,유승한내들,2007.07.,464.0,25.9,85.63,18.11,59.88,464,,,,,,,,,3,2,계단식,85,15.0,15.0,https://new.land.naver.com/complexes/25551?tab=detail&rf=Y,충청북도 청주시 서원구 산남동 669,충청북도,청주시,서원구,산남동,,충청북도 청주시 서원구 두꺼비로 109,0.0,207,18,468.0,1.01
[산남동],25550,1,청주현진에버빌,2006.12.,477.0,33.4,110.42,25.7,84.98,219,,,,,,,,,3,2,계단식,110,15.0,10.0,https://new.land.naver.com/complexes/25550?tab=detail&rf=Y,충청북도 청주시 서원구 산남동 1103,충청북도,청주시,서원구,산남동,,충청북도 청주시 서원구 탑골로 6,0.0,190,18,629.0,1.32
[산남동],25550,2,청주현진에버빌,2006.12.,477.0,34.21,113.1,25.7,84.99,119,,,,,,,,,3,2,계단식,113,15.0,10.0,https://new.land.naver.com/complexes/25550?tab=detail&rf=Y,충청북도 청주시 서원구 산남동 1103,충청북도,청주시,서원구,산남동,,충청북도 청주시 서원구 탑골로 6,0.0,190,18,629.0,1.32
[산남동],25550,3,청주현진에버빌,2006.12.,477.0,35.08,115.97,25.7,84.99,139,,,,,,,,,3,2,계단식,115,15.0,10.0,https://new.land.naver.com/complexes/25550?tab=detail&rf=Y,충청북도 청주시 서원구 산남동 1103,충청북도,청주시,서원구,산남동,,충청북도 청주시 서원구 탑골로 6,0.0,190,18,629.0,1.32
[산남동],25919,1,청주산남푸르지오,2007.04.,760.0,29.05,96.05,22.83,75.49,144,,,,,,,,,3,2,계단식,96,15.0,13.0,https://new.land.naver.com/complexes/25919?tab=detail&rf=Y,충청북도 청주시 서원구 산남동 679,충청북도,청주시,서원구,산남동,,충청북도 청주시 서원구 두꺼비로 53,0.0,179,16,1016.0,1.34
[산남동],25919,2,청주산남푸르지오,2007.04.,760.0,33.56,110.97,25.7,84.99,90,,,,,,,,,3,2,계단식,110B,15.0,13.0,https://new.land.naver.com/complexes/25919?tab=detail&rf=Y,충청북도 청주시 서원구 산남동 679,충청북도,청주시,서원구,산남동,,충청북도 청주시 서원구 두꺼비로 53,0.0,179,16,1016.0,1.34
[산남동],25919,3,청주산남푸르지오,2007.04.,760.0,33.59,111.05,25.69,84.95,526,,,,,,,,,3,2,계단식,111A,15.0,13.0,https://new.land.naver.com/complexes/25919?tab=detail&rf=Y,충청북도 청주시 서원구 산남동 679,충청북도,청주시,서원구,산남동,,충청북도 청주시 서원구 두꺼비로 53,0.0,179,16,1016.0,1.34
[산남동],25918,1,대원칸타빌2단지,2007.04.,518.0,34.32,113.48,25.7,84.99,316,,,,,,,,,3,2,계단식,113A,14.0,11.0,https://new.land.naver.com/complexes/25918?tab=detail&rf=Y,충청북도 청주시 서원구 산남동 1100,충청북도,청주시,서원구,산남동,,충청북도 청주시 서원구 산미로 143,0.0,192,0,674.0,1.3
[산남동],25918,2,대원칸타빌2단지,2007.04.,518.0,34.53,114.15,25.7,84.98,168,,,,,,,,,3,2,계단식,114C,14.0,11.0,https://new.land.naver.com/complexes/25918?tab=detail&rf=Y,충청북도 청주시 서원구 산남동 1100,충청북도,청주시,서원구,산남동,,충청북도 청주시 서원구 산미로 143,0.0,192,0,674.0,1.3
[산남동],25918,3,대원칸타빌2단지,2007.04.,518.0,34.84,115.2,25.7,84.99,34,,,,,,,,,3,2,계단식,115B,14.0,11.0,https://new.land.naver.com/complexes/25918?tab=detail&rf=Y,충청북도 청주시 서원구 산남동 1100,충청북도,청주시,서원구,산남동,,충청북도 청주시 서원구 산미로 143,0.0,192,0,674.0,1.3
[성화동],26806,1,구룡산휴먼시아3단지,2009.05.,470.0,32.17,106.38,25.63,84.73,442,,,,,,,,,3,2,계단식,106A,15.0,10.0,https://new.land.naver.com/complexes/26806?tab=detail&rf=Y,충청북도 청주시 서원구 성화동 616,충청북도,청주시,서원구,성화동,,충청북도 청주시 서원구 신성화로 8,0.0,145,15,545.0,1.16
[성화동],26806,2,구룡산휴먼시아3단지,2009.05.,470.0,32.25,106.62,25.68,84.92,28,,,,,,,,,3,2,계단식,106B,15.0,10.0,https://new.land.naver.com/complexes/26806?tab=detail&rf=Y,충청북도 청주시 서원구 성화동 616,충청북도,청주시,서원구,성화동,,충청북도 청주시 서원구 신성화로 8,0.0,145,15,545.0,1.16
[성화동],26188,1,남양휴튼,2008.08.,577.0,39.29,129.91,31.0,102.48,168,,,,,,,,,3,2,계단식,129,20.0,16.0,https://new.land.naver.com/complexes/26188?tab=detail&rf=Y,충청북도 청주시 서원구 성화동 436,충청북도,청주시,서원구,성화동,,충청북도 청주시 서원구 장전로 51,0.0,219,18,961.0,1.67
[성화동],26188,2,남양휴튼,2008.08.,577.0,44.19,146.09,36.07,119.26,116,,,,,,,,,4,2,계단식,146B,20.0,16.0,https://new.land.naver.com/complexes/26188?tab=detail&rf=Y,충청북도 청주시 서원구 성화동 436,충청북도,청주시,서원구,성화동,,충청북도 청주시 서원구 장전로 51,0.0,219,18,961.0,1.67
[성화동],26188,3,남양휴튼,2008.08.,577.0,44.25,146.31,36.23,119.77,59,,,,,,,,,4,2,계단식,146A,20.0,16.0,https://new.land.naver.com/complexes/26188?tab=detail&rf=Y,충청북도 청주시 서원구 성화동 436,충청북도,청주시,서원구,성화동,,충청북도 청주시 서원구 장전로 51,0.0,219,18,961.0,1.67
[성화동],26188,4,남양휴튼,2008.08.,577.0,48.03,158.78,39.5,130.59,166,,,,,,,,,4,2,계단식,158,20.0,16.0,https://new.land.naver.com/complexes/26188?tab=detail&rf=Y,충청북도 청주시 서원구 성화동 436,충청북도,청주시,서원구,성화동,,충청북도 청주시 서원구 장전로 51,0.0,219,18,961.0,1.67
[성화동],26188,5,남양휴튼,2008.08.,577.0,56.43,186.56,47.94,158.48,68,,,,,,,,,4,2,계단식,186,20.0,16.0,https://new.land.naver.com/complexes/26188?tab=detail&rf=Y,충청북도 청주시 서원구 성화동 436,충청북도,청주시,서원구,성화동,,충청북도 청주시 서원구 장전로 51,0.0,219,18,961.0,1.67
[성화동],103529,1,청주성화2다안채6단지,2013.02.,533.0,33.56,110.97,25.7,84.96,57,,,,,,,,,3,2,계단식,110G,15.0,12.0,https://new.land.naver.com/complexes/103529?tab=detail&rf=Y,충청북도 청주시 서원구 성화동 1034,충청북도,청주시,서원구,성화동,,충청북도 청주시 서원구 구룡산로52번길 51,0.0,146,15,810.0,1.52
[성화동],103529,2,청주성화2다안채6단지,2013.02.,533.0,33.68,111.35,25.7,84.96,161,,,,,,,,,3,2,계단식,111D,15.0,12.0,https://new.land.naver.com/complexes/103529?tab=detail&rf=Y,충청북도 청주시 서원구 성화동 1034,충청북도,청주시,서원구,성화동,,충청북도 청주시 서원구 구룡산로52번길 51,0.0,146,15,810.0,1.52
[성화동],103529,3,청주성화2다안채6단지,2013.02.,533.0,33.67,111.32,25.7,84.96,97,,,,,,,,,3,2,계단식,111F,15.0,12.0,https://new.land.naver.com/complexes/103529?tab=detail&rf=Y,충청북도 청주시 서원구 성화동 1034,충청북도,청주시,서원구,성화동,,충청북도 청주시 서원구 구룡산로52번길 51,0.0,146,15,810.0,1.52
[성화동],103529,4,청주성화2다안채6단지,2013.02.,533.0,33.77,111.64,25.7,84.98,51,,,,,,,,,3,2,계단식,111A,15.0,12.0,https://new.land.naver.com/complexes/103529?tab=detail&rf=Y,충청북도 청주시 서원구 성화동 1034,충청북도,청주시,서원구,성화동,,충청북도 청주시 서원구 구룡산로52번길 51,0.0,146,15,810.0,1.52
[성화동],103529,5,청주성화2다안채6단지,2013.02.,533.0,33.59,111.05,25.67,84.88,42,,,,,,,,,3,2,계단식,111B,15.0,12.0,https://new.land.naver.com/complexes/103529?tab=detail&rf=Y,충청북도 청주시 서원구 성화동 1034,충청북도,청주시,서원구,성화동,,충청북도 청주시 서원구 구룡산로52번길 51,0.0,146,15,810.0,1.52
[성화동],103529,6,청주성화2다안채6단지,2013.02.,533.0,33.76,111.61,25.7,84.97,15,,,,,,,,,3,2,계단식,111C,15.0,12.0,https://new.land.naver.com/complexes/103529?tab=detail&rf=Y,충청북도 청주시 서원구 성화동 1034,충청북도,청주시,서원구,성화동,,충청북도 청주시 서원구 구룡산로52번길 51,0.0,146,15,810.0,1.52
[성화동],103529,7,청주성화2다안채6단지,2013.02.,533.0,33.69,111.38,25.7,84.96,1,,,,,,,,,3,2,계단식,111N,15.0,12.0,https://new.land.naver.com/complexes/103529?tab=detail&rf=Y,충청북도 청주시 서원구 성화동 1034,충청북도,청주시,서원구,성화동,,충청북도 청주시 서원구 구룡산로52번길 51,0.0,146,15,810.0,1.52
[성화동],103529,8,청주성화2다안채6단지,2013.02.,533.0,33.92,112.16,25.69,84.93,102,,,,,,,,,3,2,계단식,112E,15.0,12.0,https://new.land.naver.com/complexes/103529?tab=detail&rf=Y,충청북도 청주시 서원구 성화동 1034,충청북도,청주시,서원구,성화동,,충청북도 청주시 서원구 구룡산로52번길 51,0.0,146,15,810.0,1.52
[성화동],103529,9,청주성화2다안채6단지,2013.02.,533.0,34.58,114.32,25.7,84.96,7,,,,,,,,,3,2,계단식,114H,15.0,12.0,https://new.land.naver.com/complexes/103529?tab=detail&rf=Y,충청북도 청주시 서원구 성화동 1034,충청북도,청주시,서원구,성화동,,충청북도 청주시 서원구 구룡산로52번길 51,0.0,146,15,810.0,1.52
[성화동],101838,1,성화호반베르디움,2012.06.,840.0,33.27,110.01,25.66,84.85,646,,,,,,,,,3,2,계단식,110A,20.0,10.0,https://new.land.naver.com/complexes/101838?tab=detail&rf=Y,충청북도 청주시 서원구 성화동 939,충청북도,청주시,서원구,성화동,,충청북도 청주시 서원구 구룡산로 24,0.0,180,16,1279.0,1.52
[성화동],101838,2,성화호반베르디움,2012.06.,840.0,33.29,110.06,25.68,84.91,1,,,,,,,,,3,2,계단식,110A1,20.0,10.0,https://new.land.naver.com/complexes/101838?tab=detail&rf=Y,충청북도 청주시 서원구 성화동 939,충청북도,청주시,서원구,성화동,,충청북도 청주시 서원구 구룡산로 24,0.0,180,16,1279.0,1.52
[성화동],101838,3,성화호반베르디움,2012.06.,840.0,33.9,112.08,25.69,84.95,193,,,,,,,,,3,2,계단식,112,20.0,10.0,https://new.land.naver.com/complexes/101838?tab=detail&rf=Y,충청북도 청주시 서원구 성화동 939,충청북도,청주시,서원구,성화동,,충청북도 청주시 서원구 구룡산로 24,0.0,180,16,1279.0,1.52
[수곡동],120999,1,더샵청주퍼스트파크,2021.03.,1112.0,25.24,83.47,19.33,63.93,216,,,,,,,,,3,2,계단식,83,28.0,15.0,https://new.land.naver.com/complexes/120999?tab=detail&rf=Y,충청북도 청주시 서원구 수곡동 1057,충청북도,청주시,서원구,수곡동,,충청북도 청주시 서원구 수곡로 20,0.0,226,17,0.0,0.0
[수곡동],120999,2,더샵청주퍼스트파크,2021.03.,1112.0,30.48,100.78,23.28,76.99,146,,,,,,,,,3,2,계단식,100B,28.0,15.0,https://new.land.naver.com/complexes/120999?tab=detail&rf=Y,충청북도 청주시 서원구 수곡동 1057,충청북도,청주시,서원구,수곡동,,충청북도 청주시 서원구 수곡로 20,0.0,226,17,0.0,0.0
[수곡동],120999,3,더샵청주퍼스트파크,2021.03.,1112.0,30.51,100.88,23.28,76.98,138,,,,,,,,,3,2,계단식,100A,28.0,15.0,https://new.land.naver.com/complexes/120999?tab=detail&rf=Y,충청북도 청주시 서원구 수곡동 1057,충청북도,청주시,서원구,수곡동,,충청북도 청주시 서원구 수곡로 20,0.0,226,17,0.0,0.0
[수곡동],120999,4,더샵청주퍼스트파크,2021.03.,1112.0,33.29,110.07,25.7,84.97,385,,,,,,,,,3,2,계단식,110A,28.0,15.0,https://new.land.naver.com/complexes/120999?tab=detail&rf=Y,충청북도 청주시 서원구 수곡동 1057,충청북도,청주시,서원구,수곡동,,충청북도 청주시 서원구 수곡로 20,0.0,226,17,0.0,0.0
[수곡동],120999,5,더샵청주퍼스트파크,2021.03.,1112.0,33.45,110.59,25.7,84.98,83,,,,,,,,,3,2,계단식,110B,28.0,15.0,https://new.land.naver.com/complexes/120999?tab=detail&rf=Y,충청북도 청주시 서원구 수곡동 1057,충청북도,청주시,서원구,수곡동,,충청북도 청주시 서원구 수곡로 20,0.0,226,17,0.0,0.0
[수곡동],120999,6,더샵청주퍼스트파크,2021.03.,1112.0,33.32,110.18,25.7,84.96,80,,,,,,,,,3,2,계단식,110C,28.0,15.0,https://new.land.naver.com/complexes/120999?tab=detail&rf=Y,충청북도 청주시 서원구 수곡동 1057,충청북도,청주시,서원구,수곡동,,충청북도 청주시 서원구 수곡로 20,0.0,226,17,0.0,0.0
[수곡동],120999,7,더샵청주퍼스트파크,2021.03.,1112.0,39.61,130.96,30.85,101.99,54,,,,,,,,,4,2,계단식,130,28.0,15.0,https://new.land.naver.com/complexes/120999?tab=detail&rf=Y,충청북도 청주시 서원구 수곡동 1057,충청북도,청주시,서원구,수곡동,,충청북도 청주시 서원구 수곡로 20,0.0,226,17,0.0,0.0
[수곡동],120999,8,더샵청주퍼스트파크,2021.03.,1112.0,48.46,160.21,31.14,102.95,6,,,,,,,,,4,2,계단식,160T,28.0,15.0,https://new.land.naver.com/complexes/120999?tab=detail&rf=Y,충청북도 청주시 서원구 수곡동 1057,충청북도,청주시,서원구,수곡동,,충청북도 청주시 서원구 수곡로 20,0.0,226,17,0.0,0.0
[수곡동],120999,9,더샵청주퍼스트파크,2021.03.,1112.0,52.76,174.42,40.32,133.31,4,,,,,,,,,4,3,계단식,174P,28.0,15.0,https://new.land.naver.com/complexes/120999?tab=detail&rf=Y,충청북도 청주시 서원구 수곡동 1057,충청북도,청주시,서원구,수곡동,,충청북도 청주시 서원구 수곡로 20,0.0,226,17,0.0,0.0
[수곡동],124340,1,삼일,1984.09.,50.0,20.26,67.0,18.4,60.84,18,,,,,,,,,3,1,계단식,67,5.0,3.0,https://new.land.naver.com/complexes/124340?tab=detail&rf=Y,충청북도 청주시 서원구 수곡동 43-3,충청북도,청주시,서원구,수곡동,,충청북도 청주시 서원구 구룡산로 412,0.0,0,0,0.0,0.0
[수곡동],124340,2,삼일,1984.09.,50.0,20.86,68.98,19.0,62.82,20,,,,,,,,,3,1,계단식,68,5.0,3.0,https://new.land.naver.com/complexes/124340?tab=detail&rf=Y,충청북도 청주시 서원구 수곡동 43-3,충청북도,청주시,서원구,수곡동,,충청북도 청주시 서원구 구룡산로 412,0.0,0,0,0.0,0.0
[수곡동],124340,3,삼일,1984.09.,50.0,21.68,71.68,19.81,65.52,12,,,,,,,,,3,1,계단식,71,5.0,3.0,https://new.land.naver.com/complexes/124340?tab=detail&rf=Y,충청북도 청주시 서원구 수곡동 43-3,충청북도,청주시,서원구,수곡동,,충청북도 청주시 서원구 구룡산로 412,0.0,0,0,0.0,0.0
[수곡동],15467,1,세원1차,1989.06.,90.0,21.5,71.1,17.79,58.83,5,,,,,,,,,3,1,계단식,71,5.0,5.0,https://new.land.naver.com/complexes/15467?tab=detail&rf=Y,충청북도 청주시 서원구 수곡동 40-1,충청북도,청주시,서원구,수곡동,,충청북도 청주시 서원구 수영로47번길 19,0.0,0,0,0.0,0.0
[수곡동],15467,2,세원1차,1989.06.,90.0,29.88,98.78,25.5,84.3,35,,,,,,,,,3,2,복도식,98,5.0,5.0,https://new.land.naver.com/complexes/15467?tab=detail&rf=Y,충청북도 청주시 서원구 수곡동 40-1,충청북도,청주시,서원구,수곡동,,충청북도 청주시 서원구 수영로47번길 19,0.0,0,0,0.0,0.0
[수곡동],15467,3,세원1차,1989.06.,90.0,30.08,99.44,25.68,84.9,50,,,,,,,,,3,1,계단식,99B,5.0,5.0,https://new.land.naver.com/complexes/15467?tab=detail&rf=Y,충청북도 청주시 서원구 수곡동 40-1,충청북도,청주시,서원구,수곡동,,충청북도 청주시 서원구 수영로47번길 19,0.0,0,0,0.0,0.0
[수곡동],7401,1,산남세원청실,1995.05.,417.0,25.52,84.37,20.56,67.98,87,,,,,,,,,3,1,계단식,84,15.0,12.0,https://new.land.naver.com/complexes/7401?tab=detail&rf=Y,충청북도 청주시 서원구 수곡동 1001,충청북도,청주시,서원구,수곡동,,충청북도 청주시 서원구 수곡로 46,0.0,221,18,0.0,0.0
[수곡동],7401,2,산남세원청실,1995.05.,417.0,32.34,106.94,25.65,84.81,330,,,,,,,,,3,2,계단식,106,15.0,12.0,https://new.land.naver.com/complexes/7401?tab=detail&rf=Y,충청북도 청주시 서원구 수곡동 1001,충청북도,청주시,서원구,수곡동,,충청북도 청주시 서원구 수곡로 46,0.0,221,18,0.0,0.0
[수곡동],126786,1,선광한빛(로즈웰타운),1998.03.,377.0,12.0,39.67,8.82,29.16,377,,,,,,,,,1,1,계단식,39,15.0,11.0,https://new.land.naver.com/complexes/126786?tab=detail&rf=Y,충청북도 청주시 서원구 수곡동 231-2,충청북도,청주시,서원구,수곡동,,충청북도 청주시 서원구 매봉로60번길 18,0.0,311,23,274.0,0.73
[수곡동],12824,1,두진하트리움,1995.05.,935.0,22.37,73.96,17.96,59.4,360,,,,,,,,,3,1,복도식,73,15.0,10.0,https://new.land.naver.com/complexes/12824?tab=detail&rf=Y,충청북도 청주시 서원구 수곡동 1002,충청북도,청주시,서원구,수곡동,,충청북도 청주시 서원구 수곡로 36,0.0,215,19,1000.0,1.07
[수곡동],12824,2,두진하트리움,1995.05.,935.0,22.5,74.4,18.07,59.76,300,,,,,,,,,3,2,계단식,74A,15.0,10.0,https://new.land.naver.com/complexes/12824?tab=detail&rf=Y,충청북도 청주시 서원구 수곡동 1002,충청북도,청주시,서원구,수곡동,,충청북도 청주시 서원구 수곡로 36,0.0,215,19,1000.0,1.07
[수곡동],12824,3,두진하트리움,1995.05.,935.0,22.5,74.4,18.07,59.76,161,,,,,,,,,2,2,계단식,74A1,15.0,10.0,https://new.land.naver.com/complexes/12824?tab=detail&rf=Y,충청북도 청주시 서원구 수곡동 1002,충청북도,청주시,서원구,수곡동,,충청북도 청주시 서원구 수곡로 36,0.0,215,19,1000.0,1.07
[수곡동],12824,4,두진하트리움,1995.05.,935.0,22.54,74.52,18.1,59.85,114,,,,,,,,,2,2,계단식,74B,15.0,10.0,https://new.land.naver.com/complexes/12824?tab=detail&rf=Y,충청북도 청주시 서원구 수곡동 1002,충청북도,청주시,서원구,수곡동,,충청북도 청주시 서원구 수곡로 36,0.0,215,19,1000.0,1.07
[수곡동],15473,1,대림1차,1985.12.,115.0,20.88,69.05,19.09,63.12,4,,,,,,,,,3,1,복도식,69A,5.0,5.0,https://new.land.naver.com/complexes/15473?tab=detail&rf=Y,충청북도 청주시 서원구 수곡동 154,충청북도,청주시,서원구,수곡동,,충청북도 청주시 서원구 구룡산로 327,0.0,0,0,0.0,0.0
[수곡동],15473,2,대림1차,1985.12.,115.0,21.47,70.98,19.67,65.05,5,,,,,,,,,3,1,복도식,70B,5.0,5.0,https://new.land.naver.com/complexes/15473?tab=detail&rf=Y,충청북도 청주시 서원구 수곡동 154,충청북도,청주시,서원구,수곡동,,충청북도 청주시 서원구 구룡산로 327,0.0,0,0,0.0,0.0
[수곡동],15473,3,대림1차,1985.12.,115.0,21.53,71.18,19.73,65.25,95,,,,,,,,,3,1,계단식,71,5.0,5.0,https://new.land.naver.com/complexes/15473?tab=detail&rf=Y,충청북도 청주시 서원구 수곡동 154,충청북도,청주시,서원구,수곡동,,충청북도 청주시 서원구 구룡산로 327,0.0,0,0,0.0,0.0
[수곡동],15473,4,대림1차,1985.12.,115.0,25.83,85.42,24.04,79.49,5,,,,,,,,,3,1,계단식,85,5.0,5.0,https://new.land.naver.com/complexes/15473?tab=detail&rf=Y,충청북도 청주시 서원구 수곡동 154,충청북도,청주시,서원구,수곡동,,충청북도 청주시 서원구 구룡산로 327,0.0,0,0,0.0,0.0
[수곡동],15473,5,대림1차,1985.12.,115.0,27.28,90.2,25.49,84.27,5,,,,,,,,,3,1,계단식,90,5.0,5.0,https://new.land.naver.com/complexes/15473?tab=detail&rf=Y,충청북도 청주시 서원구 수곡동 154,충청북도,청주시,서원구,수곡동,,충청북도 청주시 서원구 구룡산로 327,0.0,0,0,0.0,0.0
[수곡동],15473,6,대림1차,1985.12.,115.0,30.68,101.45,28.89,95.52,1,,,,,,,,,3,1,계단식,101,5.0,5.0,https://new.land.naver.com/complexes/15473?tab=detail&rf=Y,충청북도 청주시 서원구 수곡동 154,충청북도,청주시,서원구,수곡동,,충청북도 청주시 서원구 구룡산로 327,0.0,0,0,0.0,0.0
[수곡동],120294,1,두진한라,1990.01.,75.0,23.23,76.82,17.91,59.22,1,,,,,,,,,3,1,복도식,76A,6.0,5.0,https://new.land.naver.com/complexes/120294?tab=detail&rf=Y,충청북도 청주시 서원구 수곡동 63-2,충청북도,청주시,서원구,수곡동,,충청북도 청주시 서원구 청남로2022번길 73,0.0,0,0,0.0,0.0
[수곡동],120294,2,두진한라,1990.01.,75.0,23.32,77.12,18.0,59.52,29,,,,,,,,,3,1,복도식,77C,6.0,5.0,https://new.land.naver.com/complexes/120294?tab=detail&rf=Y,충청북도 청주시 서원구 수곡동 63-2,충청북도,청주시,서원구,수곡동,,충청북도 청주시 서원구 청남로2022번길 73,0.0,0,0,0.0,0.0
[수곡동],120294,3,두진한라,1990.01.,75.0,23.37,77.27,17.91,59.22,5,,,,,,,,,3,1,복도식,77B,6.0,5.0,https://new.land.naver.com/complexes/120294?tab=detail&rf=Y,충청북도 청주시 서원구 수곡동 63-2,충청북도,청주시,서원구,수곡동,,충청북도 청주시 서원구 청남로2022번길 73,0.0,0,0,0.0,0.0
[수곡동],120294,4,두진한라,1990.01.,75.0,32.58,107.72,25.69,84.93,5,,,,,,,,,3,2,복도식,107A,6.0,5.0,https://new.land.naver.com/complexes/120294?tab=detail&rf=Y,충청북도 청주시 서원구 수곡동 63-2,충청북도,청주시,서원구,수곡동,,충청북도 청주시 서원구 청남로2022번길 73,0.0,0,0,0.0,0.0
[수곡동],120294,5,두진한라,1990.01.,75.0,32.72,108.18,25.7,84.96,30,,,,,,,,,3,2,복도식,108B,6.0,5.0,https://new.land.naver.com/complexes/120294?tab=detail&rf=Y,충청북도 청주시 서원구 수곡동 63-2,충청북도,청주시,서원구,수곡동,,충청북도 청주시 서원구 청남로2022번길 73,0.0,0,0,0.0,0.0
[수곡동],120294,6,두진한라,1990.01.,75.0,35.0,115.73,25.7,84.96,5,,,,,,,,,3,2,복도식,115,6.0,5.0,https://new.land.naver.com/complexes/120294?tab=detail&rf=Y,충청북도 청주시 서원구 수곡동 63-2,충청북도,청주시,서원구,수곡동,,충청북도 청주시 서원구 청남로2022번길 73,0.0,0,0,0.0,0.0
[수곡동],7410,1,산남주공3차,1991.11.,510.0,17.28,57.15,12.49,41.3,180,,,,,,,,,2,1,복도식,57,15.0,5.0,https://new.land.naver.com/complexes/7410?tab=detail&rf=Y,충청북도 청주시 서원구 수곡동 337,충청북도,청주시,서원구,수곡동,,충청북도 청주시 서원구 매봉로 82,0.0,0,0,0.0,0.0
[수곡동],7410,2,산남주공3차,1991.11.,510.0,18.83,62.26,15.48,51.18,81,,,,,,,,,2,1,복도식,62,15.0,5.0,https://new.land.naver.com/complexes/7410?tab=detail&rf=Y,충청북도 청주시 서원구 수곡동 337,충청북도,청주시,서원구,수곡동,,충청북도 청주시 서원구 매봉로 82,0.0,0,0,0.0,0.0
[수곡동],7410,3,산남주공3차,1991.11.,510.0,20.9,69.1,15.1,49.94,180,,,,,,,,,2,1,복도식,69,15.0,5.0,https://new.land.naver.com/complexes/7410?tab=detail&rf=Y,충청북도 청주시 서원구 수곡동 337,충청북도,청주시,서원구,수곡동,,충청북도 청주시 서원구 매봉로 82,0.0,0,0,0.0,0.0
[수곡동],7410,4,산남주공3차,1991.11.,510.0,21.81,72.12,17.93,59.28,69,,,,,,,,,3,1,복도식,72,15.0,5.0,https://new.land.naver.com/complexes/7410?tab=detail&rf=Y,충청북도 청주시 서원구 수곡동 337,충청북도,청주시,서원구,수곡동,,충청북도 청주시 서원구 매봉로 82,0.0,0,0,0.0,0.0
[수곡동],12787,1,한마음2차,1995.04.,228.0,39.35,130.09,33.52,110.82,156,,,,,,,,,3,2,계단식,130,13.0,12.0,https://new.land.naver.com/complexes/12787?tab=detail&rf=Y,충청북도 청주시 서원구 수곡동 775,충청북도,청주시,서원구,수곡동,,충청북도 청주시 서원구 수곡로 100,0.0,0,0,0.0,0.0
[수곡동],12787,2,한마음2차,1995.04.,228.0,46.05,152.24,39.89,131.89,48,,,,,,,,,4,2,계단식,152,13.0,12.0,https://new.land.naver.com/complexes/12787?tab=detail&rf=Y,충청북도 청주시 서원구 수곡동 775,충청북도,청주시,서원구,수곡동,,충청북도 청주시 서원구 수곡로 100,0.0,0,0,0.0,0.0
[수곡동],12787,3,한마음2차,1995.04.,228.0,57.74,190.9,49.9,164.97,24,,,,,,,,,5,2,계단식,190,13.0,12.0,https://new.land.naver.com/complexes/12787?tab=detail&rf=Y,충청북도 청주시 서원구 수곡동 775,충청북도,청주시,서원구,수곡동,,충청북도 청주시 서원구 수곡로 100,0.0,0,0,0.0,0.0
[수곡동],12786,1,한마음1차,1995.04.,435.0,22.87,75.63,18.13,59.94,435,,,,,,,,,3,1,계단식,75,15.0,15.0,https://new.land.naver.com/complexes/12786?tab=detail&rf=Y,충청북도 청주시 서원구 수곡동 777,충청북도,청주시,서원구,수곡동,,충청북도 청주시 서원구 수곡로 78,0.0,0,0,500.0,1.15
[수곡동],115878,1,수정,1989.12.,72.0,30.81,101.86,24.49,80.97,36,,,,,,,,,3,2,계단식,101,9.0,9.0,https://new.land.naver.com/complexes/115878?tab=detail&rf=Y,충청북도 청주시 서원구 수곡동 38-3,충청북도,청주시,서원구,수곡동,,충청북도 청주시 서원구 수영로36번길 5,0.0,0,0,0.0,0.0
[수곡동],115878,2,수정,1989.12.,72.0,32.26,106.65,25.63,84.73,18,,,,,,,,,3,2,계단식,106,9.0,9.0,https://new.land.naver.com/complexes/115878?tab=detail&rf=Y,충청북도 청주시 서원구 수곡동 38-3,충청북도,청주시,서원구,수곡동,,충청북도 청주시 서원구 수영로36번길 5,0.0,0,0,0.0,0.0
[수곡동],115878,3,수정,1989.12.,72.0,45.09,149.07,36.82,121.75,18,,,,,,,,,4,2,계단식,149,9.0,9.0,https://new.land.naver.com/complexes/115878?tab=detail&rf=Y,충청북도 청주시 서원구 수곡동 38-3,충청북도,청주시,서원구,수곡동,,충청북도 청주시 서원구 수영로36번길 5,0.0,0,0,0.0,0.0
[수곡동],7396,1,대림2차,1987.07.,120.0,28.05,92.76,20.66,68.31,40,,,,,,,,,3,1,계단식,92,5.0,5.0,https://new.land.naver.com/complexes/7396?tab=detail&rf=Y,충청북도 청주시 서원구 수곡동 239,충청북도,청주시,서원구,수곡동,,충청북도 청주시 서원구 매봉로76번길 18,0.0,0,0,0.0,0.0
[수곡동],7396,2,대림2차,1987.07.,120.0,28.81,95.25,22.1,73.08,50,,,,,,,,,3,1,계단식,95,5.0,5.0,https://new.land.naver.com/complexes/7396?tab=detail&rf=Y,충청북도 청주시 서원구 수곡동 239,충청북도,청주시,서원구,수곡동,,충청북도 청주시 서원구 매봉로76번길 18,0.0,0,0,0.0,0.0
[수곡동],7396,3,대림2차,1987.07.,120.0,32.65,107.95,25.27,83.55,30,,,,,,,,,4,1,계단식,107,5.0,5.0,https://new.land.naver.com/complexes/7396?tab=detail&rf=Y,충청북도 청주시 서원구 수곡동 239,충청북도,청주시,서원구,수곡동,,충청북도 청주시 서원구 매봉로76번길 18,0.0,0,0,0.0,0.0
[수곡동],113233,1,목화맨션(20-3),1985.07.,62.0,33.55,110.93,25.48,84.24,50,,,,,,,,,3,2,계단식,110,5.0,3.0,https://new.land.naver.com/complexes/113233?tab=detail&rf=Y,충청북도 청주시 서원구 수곡동 20-3,충청북도,청주시,서원구,수곡동,,충청북도 청주시 서원구 구룡산로 424,0.0,0,0,0.0,0.0
[수곡동],113233,2,목화맨션(20-3),1985.07.,62.0,46.1,152.4,32.83,108.54,12,,,,,,,,,4,2,계단식,152,5.0,3.0,https://new.land.naver.com/complexes/113233?tab=detail&rf=Y,충청북도 청주시 서원구 수곡동 20-3,충청북도,청주시,서원구,수곡동,,충청북도 청주시 서원구 구룡산로 424,0.0,0,0,0.0,0.0
[수곡동],106719,1,삼일맨션,1986.09.,87.0,30.4,100.52,25.7,84.96,77,,,,,,,,,3,2,계단식,100,6.0,5.0,https://new.land.naver.com/complexes/106719?tab=detail&rf=Y,충청북도 청주시 서원구 수곡동 153-3,충청북도,청주시,서원구,수곡동,,충청북도 청주시 서원구 구룡산로337번길 33,0.0,0,0,0.0,0.0
[수곡동],106719,2,삼일맨션,1986.09.,87.0,30.74,101.65,25.53,84.42,10,,,,,,,,,3,2,계단식,101A,6.0,5.0,https://new.land.naver.com/complexes/106719?tab=detail&rf=Y,충청북도 청주시 서원구 수곡동 153-3,충청북도,청주시,서원구,수곡동,,충청북도 청주시 서원구 구룡산로337번길 33,0.0,0,0,0.0,0.0
[수곡동],141502,1,삼덕,1995.09.,47.0,13.11,43.34,10.91,36.08,5,,,,,,,,,1,1,계단식,43,6.0,6.0,https://new.land.naver.com/complexes/141502?tab=detail&rf=Y,충청북도 청주시 서원구 수곡동 64-2,충청북도,청주시,서원구,수곡동,,충청북도 청주시 서원구 수영로12번길 41,0.0,168,37,25.0,0.53
[수곡동],141502,2,삼덕,1995.09.,47.0,21.68,71.67,18.04,59.66,42,,,,,,,,,3,1,계단식,71,6.0,6.0,https://new.land.naver.com/complexes/141502?tab=detail&rf=Y,충청북도 청주시 서원구 수곡동 64-2,충청북도,청주시,서원구,수곡동,,충청북도 청주시 서원구 수영로12번길 41,0.0,168,37,25.0,0.53
[수곡동],13013,1,세원홍실,1996.09.,224.0,35.09,116.01,28.2,93.24,52,,,,,,,,,3,2,계단식,116,15.0,13.0,https://new.land.naver.com/complexes/13013?tab=detail&rf=Y,충청북도 청주시 서원구 수곡동 776,충청북도,청주시,서원구,수곡동,,충청북도 청주시 서원구 수곡로 88,0.0,220,20,292.0,1.3
[수곡동],13013,2,세원홍실,1996.09.,224.0,43.83,144.91,37.79,124.95,120,,,,,,,,,4,2,계단식,144,15.0,13.0,https://new.land.naver.com/complexes/13013?tab=detail&rf=Y,충청북도 청주시 서원구 수곡동 776,충청북도,청주시,서원구,수곡동,,충청북도 청주시 서원구 수곡로 88,0.0,220,20,292.0,1.3
[수곡동],13013,3,세원홍실,1996.09.,224.0,48.3,159.7,41.99,138.81,52,,,,,,,,,4,2,계단식,159,15.0,13.0,https://new.land.naver.com/complexes/13013?tab=detail&rf=Y,충청북도 청주시 서원구 수곡동 776,충청북도,청주시,서원구,수곡동,,충청북도 청주시 서원구 수곡로 88,0.0,220,20,292.0,1.3
[수곡동],15468,1,세원2차,1989.12.,120.0,21.64,71.55,17.92,59.27,36,,,,,,,,,3,1,계단식,71,6.0,6.0,https://new.land.naver.com/complexes/15468?tab=detail&rf=Y,충청북도 청주시 서원구 수곡동 60-1,충청북도,청주시,서원구,수곡동,,충청북도 청주시 서원구 수영로24번길 5,0.0,0,0,0.0,0.0
[수곡동],15468,2,세원2차,1989.12.,120.0,30.18,99.8,25.7,84.97,24,,,,,,,,,3,1,계단식,99B,6.0,6.0,https://new.land.naver.com/complexes/15468?tab=detail&rf=Y,충청북도 청주시 서원구 수곡동 60-1,충청북도,청주시,서원구,수곡동,,충청북도 청주시 서원구 수영로24번길 5,0.0,0,0,0.0,0.0
[수곡동],15468,3,세원2차,1989.12.,120.0,30.28,100.13,25.68,84.9,60,,,,,,,,,3,2,계단식,100A,6.0,6.0,https://new.land.naver.com/complexes/15468?tab=detail&rf=Y,충청북도 청주시 서원구 수곡동 60-1,충청북도,청주시,서원구,수곡동,,충청북도 청주시 서원구 수영로24번길 5,0.0,0,0,0.0,0.0
[수곡동],7407,1,주공,1990.12.,1240.0,14.99,49.56,12.0,39.69,300,,,,,,,,,2,1,계단식,49B,5.0,5.0,https://new.land.naver.com/complexes/7407?tab=detail&rf=Y,충청북도 청주시 서원구 수곡동 324,충청북도,청주시,서원구,수곡동,,충청북도 청주시 서원구 매봉로 101,0.0,0,0,0.0,0.0
[수곡동],7407,2,주공,1990.12.,1240.0,14.86,49.13,11.88,39.3,220,,,,,,,,,2,1,계단식,49A,5.0,5.0,https://new.land.naver.com/complexes/7407?tab=detail&rf=Y,충청북도 청주시 서원구 수곡동 324,충청북도,청주시,서원구,수곡동,,충청북도 청주시 서원구 매봉로 101,0.0,0,0,0.0,0.0
[수곡동],7407,3,주공,1990.12.,1240.0,17.43,57.62,14.22,47.01,390,,,,,,,,,2,1,계단식,57B,5.0,5.0,https://new.land.naver.com/complexes/7407?tab=detail&rf=Y,충청북도 청주시 서원구 수곡동 324,충청북도,청주시,서원구,수곡동,,충청북도 청주시 서원구 매봉로 101,0.0,0,0,0.0,0.0
[수곡동],7407,4,주공,1990.12.,1240.0,17.32,57.26,14.12,46.68,330,,,,,,,,,2,1,계단식,57A,5.0,5.0,https://new.land.naver.com/complexes/7407?tab=detail&rf=Y,충청북도 청주시 서원구 수곡동 324,충청북도,청주시,서원구,수곡동,,충청북도 청주시 서원구 매봉로 101,0.0,0,0,0.0,0.0
[수곡동],115456,1,진흥,1989.07.,50.0,29.51,97.58,25.7,84.96,20,,,,,,,,,3,2,계단식,97B,5.0,5.0,https://new.land.naver.com/complexes/115456?tab=detail&rf=Y,충청북도 청주시 서원구 수곡동 32-1,충청북도,청주시,서원구,수곡동,,충청북도 청주시 서원구 수영로60번길 16,0.0,0,0,0.0,0.0
[수곡동],115456,2,진흥,1989.07.,50.0,29.77,98.43,25.68,84.9,30,,,,,,,,,3,2,계단식,98A,5.0,5.0,https://new.land.naver.com/complexes/115456?tab=detail&rf=Y,충청북도 청주시 서원구 수곡동 32-1,충청북도,청주시,서원구,수곡동,,충청북도 청주시 서원구 수영로60번길 16,0.0,0,0,0.0,0.0
[수곡동],7418,1,산남주공4단지,1993.07.,1005.0,15.24,50.39,11.68,38.64,120,,,,,,,,,2,1,복도식,50,15.0,15.0,https://new.land.naver.com/complexes/7418?tab=detail&rf=Y,충청북도 청주시 서원구 수곡동 314,충청북도,청주시,서원구,수곡동,,충청북도 청주시 서원구 구룡산로 275-13,0.0,148,11,680.0,0.68
[수곡동],7418,2,산남주공4단지,1993.07.,1005.0,17.72,58.6,13.59,44.94,60,,,,,,,,,2,1,복도식,58B,15.0,15.0,https://new.land.naver.com/complexes/7418?tab=detail&rf=Y,충청북도 청주시 서원구 수곡동 314,충청북도,청주시,서원구,수곡동,,충청북도 청주시 서원구 구룡산로 275-13,0.0,148,11,680.0,0.68
[수곡동],7418,3,산남주공4단지,1993.07.,1005.0,18.24,60.33,12.49,41.3,60,,,,,,,,,2,1,복도식,60A,15.0,15.0,https://new.land.naver.com/complexes/7418?tab=detail&rf=Y,충청북도 청주시 서원구 수곡동 314,충청북도,청주시,서원구,수곡동,,충청북도 청주시 서원구 구룡산로 275-13,0.0,148,11,680.0,0.68
[수곡동],7418,4,산남주공4단지,1993.07.,1005.0,22.06,72.95,15.1,49.94,180,,,,,,,,,2,1,복도식,72B,15.0,15.0,https://new.land.naver.com/complexes/7418?tab=detail&rf=Y,충청북도 청주시 서원구 수곡동 314,충청북도,청주시,서원구,수곡동,,충청북도 청주시 서원구 구룡산로 275-13,0.0,148,11,680.0,0.68
[수곡동],7418,5,산남주공4단지,1993.07.,1005.0,21.82,72.15,15.1,49.94,105,,,,,,,,,2,1,복도식,72A,15.0,15.0,https://new.land.naver.com/complexes/7418?tab=detail&rf=Y,충청북도 청주시 서원구 수곡동 314,충청북도,청주시,서원구,수곡동,,충청북도 청주시 서원구 구룡산로 275-13,0.0,148,11,680.0,0.68
[수곡동],7418,6,산남주공4단지,1993.07.,1005.0,28.47,94.12,23.14,76.51,239,,,,,,,,,3,1,복도식,94,15.0,15.0,https://new.land.naver.com/complexes/7418?tab=detail&rf=Y,충청북도 청주시 서원구 수곡동 314,충청북도,청주시,서원구,수곡동,,충청북도 청주시 서원구 구룡산로 275-13,0.0,148,11,680.0,0.68
[수곡동],7418,7,산남주공4단지,1993.07.,1005.0,28.59,94.52,23.26,76.91,1,,,,,,,,,3,1,복도식,94,15.0,15.0,https://new.land.naver.com/complexes/7418?tab=detail&rf=Y,충청북도 청주시 서원구 수곡동 314,충청북도,청주시,서원구,수곡동,,충청북도 청주시 서원구 구룡산로 275-13,0.0,148,11,680.0,0.68
[수곡동],7418,8,산남주공4단지,1993.07.,1005.0,31.55,104.31,25.64,84.79,240,,,,,,,,,3,2,복도식,104,15.0,15.0,https://new.land.naver.com/complexes/7418?tab=detail&rf=Y,충청북도 청주시 서원구 수곡동 314,충청북도,청주시,서원구,수곡동,,충청북도 청주시 서원구 구룡산로 275-13,0.0,148,11,680.0,0.68
[수곡동],108160,1,목화맨션(19-4),1984.07.,55.0,32.74,108.24,25.45,84.15,25,,,,,,,,,3,2,복도식,108A,5.0,5.0,https://new.land.naver.com/complexes/108160?tab=detail&rf=Y,충청북도 청주시 서원구 수곡동 19-4,충청북도,청주시,서원구,수곡동,,충청북도 청주시 서원구,0.0,0,0,0.0,0.0
[수곡동],108160,2,목화맨션(19-4),1984.07.,55.0,32.97,109.0,25.48,84.24,30,,,,,,,,,3,2,복도식,109B,5.0,5.0,https://new.land.naver.com/complexes/108160?tab=detail&rf=Y,충청북도 청주시 서원구 수곡동 19-4,충청북도,청주시,서원구,수곡동,,충청북도 청주시 서원구,0.0,0,0,0.0,0.0
[수곡동],7399,1,모란,1979.06.,110.0,20.0,66.12,18.57,61.39,20,,,,,,,,,3,1,계단식,66,5.0,5.0,https://new.land.naver.com/complexes/7399?tab=detail&rf=Y,충청북도 청주시 서원구 수곡동 197-9,충청북도,청주시,서원구,수곡동,,충청북도 청주시 서원구 구룡산로338번길 23-10,0.0,0,0,0.0,0.0
[수곡동],7399,2,모란,1979.06.,110.0,25.0,82.65,22.68,74.98,90,,,,,,,,,3,1,계단식,82,5.0,5.0,https://new.land.naver.com/complexes/7399?tab=detail&rf=Y,충청북도 청주시 서원구 수곡동 197-9,충청북도,청주시,서원구,수곡동,,충청북도 청주시 서원구 구룡산로338번길 23-10,0.0,0,0,0.0,0.0
[장성동],139766,1,세울펜트하우스,2018.08.,32.0,30.02,99.25,24.33,80.44,16,,,,,,,,,3,2,계단식,99A,4.0,4.0,https://new.land.naver.com/complexes/139766?tab=detail&rf=Y,충청북도 청주시 서원구 장성동 143,충청북도,청주시,서원구,장성동,,충청북도 청주시 서원구 궁뜰로42번길 100,0.0,72,19,40.0,1.25
[장성동],139766,2,세울펜트하우스,2018.08.,32.0,30.09,99.49,24.4,80.67,16,,,,,,,,,3,2,계단식,99B,4.0,4.0,https://new.land.naver.com/complexes/139766?tab=detail&rf=Y,충청북도 청주시 서원구 장성동 143,충청북도,청주시,서원구,장성동,,충청북도 청주시 서원구 궁뜰로42번길 100,0.0,72,19,40.0,1.25
[장성동],144358,1,보람,1992.01.,88.0,15.46,51.11,12.07,39.91,56,,,,,,,,,2,1,계단식,51,4.0,4.0,https://new.land.naver.com/complexes/144358?tab=detail&rf=Y,충청북도 청주시 서원구 장성동 4-2,충청북도,청주시,서원구,장성동,,충청북도 청주시 서원구 궁뜰로 47-1,0.0,0,0,0.0,0.0
[장성동],144358,2,보람,1992.01.,88.0,18.94,62.63,15.02,49.66,32,,,,,,,,,2,1,계단식,62,4.0,4.0,https://new.land.naver.com/complexes/144358?tab=detail&rf=Y,충청북도 청주시 서원구 장성동 4-2,충청북도,청주시,서원구,장성동,,충청북도 청주시 서원구 궁뜰로 47-1,0.0,0,0,0.0,0.0
[죽림동],27617,1,청주가경주공3단지,2003.11.,704.0,20.47,67.68,15.65,51.74,438,,,,,,,,,2,1,계단식,67,15.0,13.0,https://new.land.naver.com/complexes/27617?tab=detail&rf=Y,충청북도 청주시 서원구 죽림동 295,충청북도,청주시,서원구,죽림동,,충청북도 청주시 서원구 대림로 493,0.0,168,16,568.0,0.81
[죽림동],27617,2,청주가경주공3단지,2003.11.,704.0,23.7,78.38,18.12,59.92,266,,,,,,,,,3,1,계단식,78,15.0,13.0,https://new.land.naver.com/complexes/27617?tab=detail&rf=Y,충청북도 청주시 서원구 죽림동 295,충청북도,청주시,서원구,죽림동,,충청북도 청주시 서원구 대림로 493,0.0,168,16,568.0,0.81
